16/08/2004-1 2 3 4 5 6 8 10 11 13 15 
10/05/2013-1 2 3 4 5 6 8 10 11 13 15 
28/02/2005-1 3 4 5 6 7 8 10 11 13 15 
15/10/2009-1 3 4 5 6 7 8 10 11 13 15 
02/04/2007-1 2 3 4 6 9 10 12 13 14 15 
10/01/2008-1 2 3 4 6 9 10 12 13 14 15 
27/10/2008-3 4 6 7 8 9 10 11 12 14 16 
13/05/2010-3 4 6 7 8 9 10 11 12 14 16 
15/03/2010-1 2 3 6 9 10 11 13 15 17 18 
29/08/2014-1 2 3 6 9 10 11 13 15 17 18 
08/08/2011-1 3 4 5 6 8 9 10 11 12 15 
24/08/2015-1 3 4 5 6 8 9 10 11 12 15 
06/06/2012-1 2 3 5 6 7 9 10 11 12 13 
17/07/2015-1 2 3 5 6 7 9 10 11 12 13 
13/06/2012-1 2 3 7 8 9 10 12 13 14 18 
14/05/2014-1 2 3 7 8 9 10 12 13 14 18 
10/08/2012-3 6 7 8 10 12 13 16 18 19 20 
13/03/2015-3 6 7 8 10 12 13 16 18 19 20 
03/10/2012-1 2 3 4 5 6 7 9 10 12 14 
24/07/2013-1 2 3 4 5 6 7 9 10 12 14 
24/05/2013-1 2 3 5 6 7 8 10 11 12 13 
03/07/2015-1 2 3 5 6 7 8 10 11 12 13 
17/06/2013-1 2 3 4 5 7 9 10 11 13 14 
05/06/2015-1 2 3 4 5 7 9 10 11 13 14 
27/12/2013-1 2 5 6 7 8 10 12 13 14 15 
04/07/2014-1 2 5 6 7 8 10 12 13 14 15 
