29/09/2003<18;20;25;23;10;11;24;14;06;02;13;09;05;16;03>
06/10/2003<23;15;05;04;12;16;20;06;11;19;24;01;09;13;07>
13/10/2003<20;23;12;08;06;01;07;11;14;04;16;10;09;17;24>
20/10/2003<16;05;25;24;23;08;12;02;17;18;01;10;04;19;13>
27/10/2003<15;13;20;02;11;24;09;16;04;23;25;12;08;19;01>
03/11/2003<23;19;01;05;07;21;16;10;15;25;06;02;12;04;17>
10/11/2003<22;04;15;08;16;14;21;23;12;01;25;19;07;10;18>
17/11/2003<19;16;18;09;13;08;05;25;17;10;06;15;01;22;20>
24/11/2003<21;04;17;05;03;13;16;09;20;24;25;19;11;15;10>
01/12/2003<24;19;08;23;06;02;20;11;09;03;04;10;05;12;14>
08/12/2003<24;09;08;19;20;22;06;10;11;16;07;25;23;02;12>
15/12/2003<11;05;25;01;09;08;16;04;07;24;17;02;12;14;10>
22/12/2003<13;06;10;05;08;14;03;11;16;15;09;17;19;07;23>
29/12/2003<14;21;13;19;20;06;09;05;07;23;18;01;15;02;25>
05/01/2004<23;06;21;04;10;24;16;01;15;02;08;19;12;18;25>
12/01/2004<24;17;05;08;07;12;13;02;15;10;19;25;23;21;06>
19/01/2004<13;20;17;01;06;07;02;14;05;09;16;19;03;21;18>
26/01/2004<02;23;10;07;11;14;17;22;15;06;24;08;19;20;18>
02/02/2004<15;17;10;23;11;24;13;14;06;02;08;05;20;16;07>
09/02/2004<04;09;08;24;16;20;03;17;18;19;07;06;23;14;10>
16/02/2004<05;02;01;22;19;08;24;04;25;23;18;20;14;11;16>
25/02/2004<13;15;05;09;07;10;01;03;22;02;25;14;06;04;12>
01/03/2004<10;11;05;19;18;14;06;04;20;01;08;03;12;16;17>
08/03/2004<01;19;21;14;02;23;25;05;20;11;07;10;24;17;03>
15/03/2004<04;23;20;02;05;13;07;09;24;03;01;06;14;22;16>
22/03/2004<19;11;07;16;08;21;05;10;20;13;23;09;17;14;22>
29/03/2004<25;06;22;21;11;24;03;14;12;13;20;08;10;15;18>
05/04/2004<18;21;11;07;09;03;20;16;14;12;13;17;01;19;10>
12/04/2004<13;14;06;01;24;04;08;05;17;22;21;19;20;09;16>
19/04/2004<22;02;01;17;08;04;19;20;11;14;06;21;07;23;03>
26/04/2004<01;03;22;14;21;17;24;15;20;13;02;19;04;25;09>
03/05/2004<10;14;09;16;15;07;22;06;04;02;01;17;23;11;20>
10/05/2004<08;20;12;16;10;21;05;02;23;19;11;24;01;14;07>
17/05/2004<07;19;16;10;23;04;18;11;08;09;20;21;01;02;15>
24/05/2004<12;01;13;23;19;21;17;11;22;06;25;16;14;05;04>
31/05/2004<07;23;10;20;01;21;04;08;11;19;17;22;24;14;05>
07/06/2004<24;20;05;15;10;22;21;03;01;23;11;04;13;08;09>
14/06/2004<14;13;08;16;01;10;03;07;15;25;09;02;24;06;22>
21/06/2004<14;15;07;19;08;09;22;17;23;18;02;11;24;13;21>
28/06/2004<10;17;16;12;14;24;08;07;05;20;21;01;13;02;22>
05/07/2004<25;04;23;18;17;19;15;13;09;03;12;20;21;16;02>
12/07/2004<01;24;12;25;04;03;21;08;11;06;15;22;14;17;05>
19/07/2004<23;22;03;17;01;24;14;19;08;06;09;18;20;07;10>
26/07/2004<23;21;12;19;05;04;06;13;14;10;03;18;24;11;25>
02/08/2004<01;23;14;16;02;19;18;07;21;09;24;25;17;05;03>
09/08/2004<06;14;08;11;24;18;19;23;02;05;04;21;10;01;25>
16/08/2004<06;08;25;18;20;05;11;10;15;13;04;22;03;02;01>
23/08/2004<15;06;21;20;02;17;05;23;11;07;13;16;18;19;22>
30/08/2004<11;02;24;08;20;16;04;13;19;06;15;22;05;23;21>
06/09/2004<02;03;07;25;21;23;10;01;13;11;20;06;12;19;09>
13/09/2004<08;01;13;14;05;22;21;07;06;23;03;17;20;11;16>
20/09/2004<25;04;16;02;15;21;12;09;11;08;24;23;01;13;22>
27/09/2004<23;03;07;17;20;14;12;02;18;24;06;01;11;09;19>
04/10/2004<22;08;12;09;21;05;20;04;24;02;07;06;14;16;18>
11/10/2004<04;06;12;15;02;03;13;16;08;09;07;25;05;18;19>
18/10/2004<19;01;05;14;16;15;17;02;13;22;20;12;23;09;24>
25/10/2004<25;17;08;11;03;06;19;22;21;07;20;01;04;12;02>
01/11/2004<20;14;11;13;19;18;15;16;05;03;06;12;17;22;04>
08/11/2004<06;08;14;01;23;20;03;15;25;11;05;07;13;10;19>
16/11/2004<17;22;16;05;03;02;18;08;25;11;01;19;04;23;24>
22/11/2004<04;15;01;23;09;14;12;11;13;19;25;16;22;05;20>
29/11/2004<09;07;01;13;20;11;03;17;25;08;14;16;15;18;24>
06/12/2004<13;19;22;17;10;04;25;09;24;08;16;11;21;12;20>
13/12/2004<13;01;10;06;25;23;14;09;07;02;18;08;20;03;17>
20/12/2004<23;19;10;07;01;17;04;02;22;16;21;15;20;18;25>
27/12/2004<08;10;23;17;11;20;02;14;21;22;15;16;24;04;01>
03/01/2005<07;24;13;20;16;05;21;12;11;08;15;22;23;10;09>
10/01/2005<09;01;25;16;06;03;05;22;07;12;08;10;02;17;23>
17/01/2005<23;07;11;15;04;17;20;08;09;24;01;18;21;10;19>
24/01/2005<14;05;09;24;06;15;12;19;20;01;02;25;16;10;03>
31/01/2005<13;03;22;05;01;21;23;06;08;11;15;18;14;16;09>
09/02/2005<02;16;05;25;23;11;18;13;24;15;01;07;08;12;17>
14/02/2005<25;17;18;02;16;19;15;13;14;05;21;11;07;01;10>
21/02/2005<08;25;03;01;02;22;16;04;05;15;06;18;13;23;11>
28/02/2005<10;08;03;16;07;25;20;04;13;06;11;15;17;05;01>
07/03/2005<15;05;12;10;19;16;21;17;25;09;13;01;23;08;03>
14/03/2005<06;20;04;09;11;17;03;08;02;21;24;14;22;25;18>
21/03/2005<15;05;17;23;01;08;07;20;16;06;12;18;03;02;13>
28/03/2005<15;14;17;02;22;24;05;23;20;09;12;18;25;01;03>
04/04/2005<17;22;25;07;20;03;18;10;04;01;14;09;02;05;15>
11/04/2005<13;02;07;19;17;15;01;04;06;21;03;11;05;16;10>
18/04/2005<04;08;19;12;23;17;13;20;01;18;06;15;05;22;09>
25/04/2005<23;10;25;20;14;03;01;06;02;11;08;13;12;24;05>
02/05/2005<15;22;08;25;06;04;16;01;02;24;19;20;17;23;12>
09/05/2005<01;02;11;21;16;08;23;07;18;22;14;15;05;13;09>
16/05/2005<13;19;12;18;05;06;09;24;23;04;17;08;25;02;14>
23/05/2005<11;03;18;25;05;24;13;08;15;10;09;22;01;02;20>
30/05/2005<08;10;18;24;11;01;17;02;25;09;14;19;12;04;05>
06/06/2005<23;16;01;12;21;25;17;19;13;20;24;15;06;11;22>
13/06/2005<22;10;11;08;17;20;23;03;21;01;15;25;02;12;24>
20/06/2005<16;23;01;25;22;14;09;13;11;10;12;15;04;20;17>
27/06/2005<17;06;04;01;08;15;02;19;14;13;12;18;21;24;22>
04/07/2005<04;24;07;17;09;13;18;20;05;06;10;21;02;19;23>
11/07/2005<21;09;13;12;11;15;04;22;24;16;08;18;23;02;17>
18/07/2005<10;04;18;22;01;03;20;19;17;02;15;05;11;12;14>
25/07/2005<09;17;24;06;16;10;23;18;14;19;04;03;12;21;22>
02/08/2005<04;10;13;22;17;03;23;24;12;14;15;25;19;20;06>
08/08/2005<24;17;15;25;08;18;22;06;01;11;23;20;05;02;10>
15/08/2005<04;07;24;25;20;14;01;02;10;16;17;11;21;13;03>
22/08/2005<11;22;14;25;10;08;23;13;04;16;17;09;03;12;01>
29/08/2005<07;06;14;19;13;03;21;23;01;24;16;17;09;20;10>
05/09/2005<19;04;22;01;07;23;10;25;21;11;18;02;03;09;12>
12/09/2005<23;18;01;07;05;22;02;03;25;10;04;17;08;16;11>
19/09/2005<06;05;22;24;19;16;11;14;21;13;15;25;07;18;10>
26/09/2005<08;07;10;12;25;09;15;22;19;06;11;13;04;17;21>
03/10/2005<05;15;03;01;04;13;22;02;25;06;10;17;14;23;12>
10/10/2005<24;04;07;17;21;12;15;03;25;11;01;18;06;08;09>
17/10/2005<09;15;25;14;16;02;08;11;12;07;01;22;04;23;18>
24/10/2005<09;07;23;01;11;25;18;13;20;03;21;05;24;16;12>
31/10/2005<23;20;03;06;05;01;04;25;12;13;21;17;22;14;19>
07/11/2005<10;01;19;21;25;17;12;05;11;15;13;24;06;18;22>
14/11/2005<20;10;02;06;19;21;18;03;17;11;01;14;04;15;23>
21/11/2005<06;14;24;02;19;05;12;08;20;21;04;11;01;13;25>
28/11/2005<20;03;22;09;06;02;14;01;10;25;24;11;21;08;07>
05/12/2005<04;17;05;16;06;11;20;09;12;21;25;07;13;01;18>
12/12/2005<11;13;18;10;25;23;16;01;14;02;19;21;12;09;20>
19/12/2005<14;20;05;11;09;23;18;17;06;13;25;15;07;12;10>
27/12/2005<24;15;21;22;18;04;14;13;19;06;12;02;23;08;05>
02/01/2006<15;01;21;22;09;04;18;06;24;20;23;11;08;10;17>
09/01/2006<03;08;19;07;20;16;15;13;12;11;01;24;18;21;05>
16/01/2006<17;24;25;23;07;02;04;05;11;10;09;01;18;16;12>
23/01/2006<05;22;02;10;13;15;09;20;04;25;01;18;23;17;08>
30/01/2006<20;13;21;06;18;05;04;07;17;24;19;12;23;11;22>
06/02/2006<19;09;02;06;24;07;20;16;15;03;25;14;04;18;21>
13/02/2006<10;22;07;06;12;16;11;21;04;09;24;03;02;25;15>
20/02/2006<07;22;18;08;13;25;16;01;21;04;24;14;03;02;06>
01/03/2006<05;25;04;01;13;02;12;18;22;19;23;07;03;10;11>
06/03/2006<17;02;14;21;03;23;06;15;13;11;04;16;19;25;20>
13/03/2006<05;11;09;22;06;21;07;19;02;20;15;23;18;25;13>
20/03/2006<15;19;06;04;24;02;17;25;13;23;10;12;05;03;09>
27/03/2006<02;25;20;12;05;07;06;11;13;19;08;04;15;22;23>
03/04/2006<09;25;14;11;07;15;01;22;16;04;05;17;03;10;23>
10/04/2006<18;22;09;03;15;20;08;21;04;19;13;01;11;23;05>
17/04/2006<12;16;05;07;11;19;08;25;22;17;14;01;03;10;13>
24/04/2006<07;22;13;02;21;14;19;08;01;25;20;10;15;18;05>
02/05/2006<01;02;23;12;17;21;05;22;09;15;24;14;13;06;03>
08/05/2006<18;06;19;25;11;08;17;20;16;10;02;21;12;09;13>
15/05/2006<15;07;16;17;08;24;22;02;03;13;11;05;21;25;04>
22/05/2006<22;24;23;12;01;15;07;14;21;16;17;02;09;18;19>
29/05/2006<12;10;19;01;25;22;15;06;02;24;13;20;09;18;03>
05/06/2006<18;12;19;03;08;17;13;01;25;20;10;16;09;24;07>
12/06/2006<01;18;19;05;23;07;06;16;17;24;15;09;22;04;02>
19/06/2006<21;11;22;09;24;08;17;15;25;01;16;23;13;19;02>
26/06/2006<12;17;01;02;21;04;14;22;09;24;20;07;19;11;25>
03/07/2006<14;15;20;22;13;10;25;11;18;09;24;02;03;01;17>
10/07/2006<17;22;12;02;11;05;24;10;14;13;25;16;01;23;08>
17/07/2006<02;05;12;13;21;23;22;11;01;10;06;25;04;19;16>
24/07/2006<05;22;24;02;01;12;08;21;16;25;20;09;13;04;17>
01/08/2006<24;19;02;17;16;09;25;05;20;18;13;10;15;23;07>
07/08/2006<21;07;11;05;08;19;01;25;06;22;24;14;23;09;03>
14/08/2006<18;10;13;11;03;09;12;04;23;07;24;16;14;05;20>
21/08/2006<23;03;25;06;19;22;24;15;07;17;08;13;20;04;05>
28/08/2006<13;21;05;25;08;20;23;12;11;04;01;18;02;24;17>
04/09/2006<18;09;16;05;15;24;23;10;01;11;14;06;13;03;02>
11/09/2006<15;10;16;14;08;11;19;02;21;20;18;04;05;22;24>
18/09/2006<03;08;09;15;13;10;12;04;23;20;22;01;19;11;14>
25/09/2006<10;14;02;18;25;09;21;07;24;01;16;06;04;12;19>
02/10/2006<11;15;22;17;12;23;02;07;16;18;19;09;20;10;08>
09/10/2006<11;02;01;03;17;15;25;10;24;14;04;06;08;05;20>
16/10/2006<15;14;03;12;16;24;19;21;20;17;10;04;09;01;11>
19/10/2006<21;24;01;08;20;17;25;18;11;05;15;23;22;16;13>
23/10/2006<03;01;12;06;20;11;05;16;24;02;08;23;13;04;18>
26/10/2006<21;03;14;06;02;01;25;09;15;13;20;24;23;07;05>
30/10/2006<01;11;14;05;15;10;02;06;21;18;03;24;08;23;22>
03/11/2006<09;01;19;13;14;04;12;15;25;02;22;08;18;17;06>
06/11/2006<18;03;09;21;19;22;08;15;10;23;14;02;20;04;13>
09/11/2006<18;10;01;13;19;09;16;14;24;02;06;03;22;08;23>
13/11/2006<01;07;20;04;19;12;24;03;15;17;16;02;10;23;22>
16/11/2006<04;16;24;06;08;11;15;10;01;21;05;12;09;07;20>
21/11/2006<07;22;25;04;13;23;06;05;01;20;03;10;18;08;16>
23/11/2006<24;03;25;10;17;13;16;22;15;04;01;23;12;11;21>
27/11/2006<02;18;09;11;07;13;06;01;04;25;12;20;21;22;10>
30/11/2006<02;05;11;23;22;15;08;24;20;21;19;03;07;04;25>
04/12/2006<04;07;13;23;10;20;02;09;01;15;24;17;12;25;11>
07/12/2006<07;11;02;14;18;05;21;19;16;03;15;12;24;13;06>
11/12/2006<12;25;15;21;10;04;24;16;11;13;18;02;22;17;23>
14/12/2006<24;16;11;13;06;19;02;17;07;08;15;20;10;23;21>
18/12/2006<06;03;21;25;10;20;19;23;09;04;08;02;24;16;14>
21/12/2006<02;15;17;03;22;19;14;07;23;25;05;04;24;09;13>
26/12/2006<02;04;11;20;17;25;24;07;01;05;03;10;15;06;08>
28/12/2006<01;16;22;05;20;07;23;08;15;04;06;14;17;19;21>
02/01/2007<11;22;08;19;17;03;02;14;25;09;07;21;13;23;04>
04/01/2007<08;07;06;13;23;11;19;21;16;25;14;20;24;02;04>
08/01/2007<03;17;07;23;11;15;08;01;19;21;25;16;18;09;10>
11/01/2007<20;19;25;06;01;15;23;08;12;09;11;04;07;02;17>
15/01/2007<16;25;23;22;13;05;06;19;24;17;02;18;04;11;12>
18/01/2007<21;25;12;01;16;03;13;24;11;17;19;15;23;22;18>
22/01/2007<16;19;20;10;25;24;22;08;13;05;11;23;21;02;03>
25/01/2007<09;13;05;18;23;19;16;22;01;02;07;04;20;06;24>
29/01/2007<16;11;13;15;23;24;08;01;05;18;04;19;03;07;14>
01/02/2007<23;09;18;05;19;20;08;02;22;10;13;21;15;17;12>
05/02/2007<24;11;01;13;03;06;16;04;15;22;02;23;14;05;21>
08/02/2007<14;16;21;02;09;19;20;03;04;10;25;01;15;05;08>
12/02/2007<23;14;22;25;12;18;08;09;13;15;02;21;17;07;10>
15/02/2007<04;03;14;22;19;17;09;12;18;07;23;08;11;02;06>
22/02/2007<22;24;10;15;16;25;20;14;17;05;02;04;23;19;03>
26/02/2007<09;13;23;20;03;06;10;05;22;04;08;12;07;18;21>
01/03/2007<25;01;06;02;13;07;18;21;14;04;15;20;05;17;16>
05/03/2007<23;02;06;11;22;20;04;03;15;05;01;09;21;12;19>
08/03/2007<16;08;09;05;23;11;13;12;04;14;15;02;01;21;24>
12/03/2007<10;15;08;19;02;11;12;05;20;01;22;04;13;09;14>
15/03/2007<05;14;23;19;24;10;17;11;01;21;22;13;16;03;18>
19/03/2007<24;02;04;05;12;13;01;03;23;18;06;07;25;14;17>
22/03/2007<08;25;16;17;23;22;05;15;04;07;24;02;14;03;11>
26/03/2007<21;04;18;12;22;10;02;16;17;11;03;15;25;14;09>
29/03/2007<22;09;05;16;15;03;13;08;21;02;12;17;11;20;14>
02/04/2007<04;12;06;01;15;10;19;03;14;09;17;02;13;22;20>
05/04/2007<24;19;16;07;03;12;23;06;09;10;04;01;14;11;15>
09/04/2007<24;01;19;22;25;03;10;15;14;06;05;18;21;07;09>
12/04/2007<15;16;07;14;18;22;10;13;23;11;03;24;09;21;05>
16/04/2007<17;01;10;12;02;06;08;04;24;18;14;22;11;16;25>
19/04/2007<16;06;19;22;03;01;20;11;10;14;08;23;04;09;12>
23/04/2007<16;01;10;21;05;04;09;23;08;03;24;25;11;18;19>
26/04/2007<02;14;04;18;09;24;11;01;13;19;03;22;25;20;15>
30/04/2007<17;15;03;12;25;09;19;23;11;04;07;14;05;18;01>
03/05/2007<11;09;17;13;21;06;04;25;24;05;03;07;19;02;10>
07/05/2007<06;16;04;05;12;19;11;25;10;21;07;02;09;17;03>
10/05/2007<21;25;15;17;11;22;02;16;08;13;14;12;05;20;07>
14/05/2007<19;24;03;22;02;17;11;18;25;16;23;08;09;14;06>
17/05/2007<21;16;05;25;13;23;24;10;20;18;14;09;15;12;17>
21/05/2007<06;01;17;07;21;12;03;23;16;20;02;08;19;10;25>
24/05/2007<05;15;21;04;23;12;07;08;24;22;06;18;01;03;09>
28/05/2007<09;23;14;22;02;24;11;07;10;13;16;21;04;12;20>
31/05/2007<24;09;08;04;19;11;21;13;18;20;15;23;10;06;12>
04/06/2007<15;25;08;01;23;03;05;13;02;19;14;20;22;07;18>
08/06/2007<20;05;19;14;13;10;08;15;17;21;18;04;16;11;25>
11/06/2007<10;18;20;21;05;17;14;12;19;07;22;15;09;01;08>
14/06/2007<14;15;19;17;11;04;20;16;13;25;12;24;18;02;10>
18/06/2007<09;06;25;15;20;12;16;14;11;10;17;23;08;13;02>
21/06/2007<06;01;04;24;17;22;08;11;02;05;15;13;14;03;10>
25/06/2007<24;17;19;12;21;01;05;18;10;02;07;15;25;06;16>
28/06/2007<11;24;21;23;14;25;16;13;12;04;05;17;06;09;18>
02/07/2007<01;14;07;03;13;02;06;08;12;05;21;17;09;19;04>
05/07/2007<11;14;01;05;02;12;03;04;13;17;24;09;15;21;22>
09/07/2007<21;13;24;14;18;17;08;16;12;23;19;15;01;25;10>
12/07/2007<01;13;03;22;25;23;05;16;04;09;12;15;08;07;21>
16/07/2007<13;12;07;06;05;19;23;16;04;20;22;09;18;15;21>
19/07/2007<11;17;19;24;20;13;06;21;04;12;01;14;23;15;03>
23/07/2007<07;13;09;14;25;15;10;22;01;23;16;03;06;19;05>
26/07/2007<02;10;09;23;19;15;01;13;22;04;11;18;14;16;21>
30/07/2007<14;05;23;24;13;15;21;08;12;09;25;04;17;20;03>
02/08/2007<13;02;21;19;08;15;17;06;22;14;09;16;18;23;05>
06/08/2007<05;03;13;25;07;23;16;21;18;01;20;04;02;12;17>
09/08/2007<06;12;10;24;11;07;18;15;03;22;05;14;20;21;09>
13/08/2007<11;24;10;19;18;12;14;25;01;09;02;15;06;07;16>
16/08/2007<08;07;25;24;01;05;09;21;18;15;17;12;10;04;13>
20/08/2007<01;22;07;08;14;04;02;25;03;17;15;16;23;19;09>
23/08/2007<25;10;12;08;05;02;11;20;21;01;16;19;09;13;15>
27/08/2007<23;05;21;14;18;12;07;15;08;04;25;09;22;17;10>
30/08/2007<19;13;02;05;23;09;03;10;15;17;16;18;21;12;01>
03/09/2007<21;13;19;15;23;18;22;09;04;25;16;10;03;05;06>
06/09/2007<02;06;18;25;15;11;24;23;03;22;17;04;19;14;08>
10/09/2007<22;04;19;05;21;23;06;01;18;11;12;15;08;13;07>
13/09/2007<20;02;23;06;05;14;15;09;08;03;07;11;16;13;04>
17/09/2007<17;03;04;01;02;14;15;10;09;16;22;24;06;21;23>
20/09/2007<01;12;10;09;16;08;18;20;07;02;06;22;13;15;24>
24/09/2007<22;10;12;09;07;18;13;06;01;16;03;24;14;17;19>
27/09/2007<13;20;12;04;02;25;22;24;19;21;09;06;14;05;17>
01/10/2007<10;25;18;15;06;21;22;20;07;03;08;09;24;19;05>
04/10/2007<24;11;05;19;07;20;09;18;14;03;13;08;01;06;04>
08/10/2007<04;02;16;15;25;06;11;21;05;17;19;20;07;13;01>
11/10/2007<08;21;12;20;03;14;13;07;09;24;15;23;04;17;06>
15/10/2007<23;19;08;15;16;11;07;21;24;09;10;01;18;04;14>
18/10/2007<08;03;25;06;22;09;13;23;20;04;16;19;01;12;21>
22/10/2007<07;12;22;05;19;11;18;08;13;16;17;24;01;20;15>
25/10/2007<18;21;03;19;04;14;24;22;05;06;07;09;11;01;15>
29/10/2007<15;11;23;09;12;06;14;13;17;24;21;02;05;04;03>
01/11/2007<25;23;08;15;09;16;20;12;07;18;06;19;05;10;14>
05/11/2007<22;02;01;04;13;15;18;19;24;23;10;16;17;06;14>
08/11/2007<16;01;14;05;09;18;08;03;06;25;07;19;23;04;24>
12/11/2007<19;11;05;16;24;20;25;06;04;12;08;01;21;02;18>
16/11/2007<25;15;12;01;04;09;13;24;08;17;05;20;11;23;02>
19/11/2007<16;05;21;07;12;20;01;15;24;18;25;10;19;17;06>
22/11/2007<15;25;05;23;10;02;07;12;17;14;11;21;06;20;04>
26/11/2007<06;09;12;22;01;10;15;05;14;17;20;03;18;11;08>
29/11/2007<02;07;17;05;18;12;22;03;25;13;20;04;11;19;10>
03/12/2007<16;24;13;02;17;10;09;11;21;04;23;14;25;22;12>
06/12/2007<12;09;02;03;21;19;01;23;05;15;11;17;13;06;25>
10/12/2007<12;10;03;17;18;06;05;23;01;02;22;19;11;09;13>
13/12/2007<09;25;20;10;19;24;05;13;16;03;17;11;06;15;04>
17/12/2007<04;01;10;23;12;02;25;17;19;08;11;09;14;03;15>
20/12/2007<25;07;03;21;11;20;16;13;08;04;15;12;19;22;02>
22/12/2007<24;22;10;13;04;20;06;01;11;09;23;12;08;02;19>
27/12/2007<23;05;22;07;21;12;25;13;01;11;15;17;03;06;19>
29/12/2007<11;16;08;10;14;01;04;05;15;22;09;12;19;13;23>
03/01/2008<25;01;23;21;07;04;11;09;12;02;13;10;24;19;03>
07/01/2008<15;21;06;23;02;10;22;25;07;17;16;05;18;13;12>
10/01/2008<18;15;06;19;02;10;03;14;25;09;24;01;04;13;12>
14/01/2008<04;08;01;03;10;19;02;14;06;09;17;15;12;24;22>
17/01/2008<17;09;13;02;23;14;11;20;22;07;06;12;01;21;05>
21/01/2008<14;08;15;10;01;05;17;24;02;12;07;13;23;20;11>
24/01/2008<21;03;24;07;17;05;02;11;13;09;22;12;25;16;08>
28/01/2008<14;12;03;09;25;22;13;24;02;06;01;23;18;15;19>
31/01/2008<11;16;24;04;20;02;01;05;07;03;08;12;15;23;25>
07/02/2008<25;24;06;23;15;10;03;21;13;18;02;04;19;17;16>
11/02/2008<16;18;14;06;22;11;15;19;02;25;07;03;12;08;17>
14/02/2008<23;10;25;24;01;21;15;09;08;16;04;22;14;07;12>
18/02/2008<01;06;07;16;04;24;21;08;13;03;11;15;14;12;22>
21/02/2008<10;20;03;24;23;06;17;08;22;13;07;05;19;18;21>
25/02/2008<07;21;09;04;11;23;19;17;03;12;08;25;20;15;22>
28/02/2008<02;09;11;03;17;13;12;19;20;15;22;23;18;08;14>
03/03/2008<18;20;09;06;11;25;02;16;15;14;04;22;12;10;05>
06/03/2008<06;22;18;21;12;24;23;20;15;17;02;08;03;16;04>
10/03/2008<01;15;22;16;14;04;18;17;12;21;20;25;05;03;19>
13/03/2008<20;10;25;04;03;18;22;21;02;08;11;12;05;24;13>
17/03/2008<25;05;13;04;02;08;20;01;11;16;18;12;14;15;19>
20/03/2008<20;09;12;14;23;17;21;24;19;01;03;10;15;04;06>
24/03/2008<23;01;21;16;24;19;05;25;12;13;22;04;18;02;15>
27/03/2008<03;13;22;10;16;21;01;09;14;20;04;08;17;24;02>
31/03/2008<11;14;21;10;03;24;18;19;09;15;23;16;05;02;17>
03/04/2008<23;05;24;12;17;10;25;02;14;16;20;19;15;07;04>
07/04/2008<22;08;09;18;02;17;10;19;01;16;25;11;13;12;06>
10/04/2008<07;06;14;23;17;12;15;19;10;16;09;25;02;03;18>
14/04/2008<21;05;11;01;08;19;02;22;09;20;06;12;14;13;15>
17/04/2008<16;13;11;23;05;06;21;17;08;02;24;03;20;14;19>
22/04/2008<08;19;06;14;04;03;24;23;01;13;12;15;10;18;07>
24/04/2008<21;05;08;04;11;01;22;02;25;14;18;16;09;24;19>
28/04/2008<11;21;12;14;06;04;16;15;13;25;05;03;18;23;09>
02/05/2008<14;24;06;09;04;08;03;16;23;01;19;10;20;12;17>
05/05/2008<19;15;12;17;11;18;01;25;03;22;09;21;14;06;23>
08/05/2008<17;20;12;25;09;24;14;03;10;02;04;13;11;16;18>
12/05/2008<01;12;13;02;16;23;03;07;05;20;17;18;15;24;21>
15/05/2008<04;17;02;21;14;01;03;20;06;07;10;25;23;09;19>
19/05/2008<21;10;02;23;08;01;24;16;06;04;07;12;09;03;20>
23/05/2008<25;10;22;20;23;05;04;06;02;14;24;19;07;15;01>
26/05/2008<25;07;24;06;15;13;12;10;01;18;08;11;04;17;02>
29/05/2008<19;08;04;14;03;16;01;15;13;12;17;21;23;02;18>
02/06/2008<13;02;25;23;19;11;12;22;18;24;04;05;03;15;21>
05/06/2008<18;21;08;20;24;09;01;14;04;23;25;03;17;02;13>
09/06/2008<15;19;24;25;02;12;14;05;09;22;23;01;18;17;06>
12/06/2008<16;15;13;19;05;23;03;18;01;07;06;22;21;25;12>
16/06/2008<03;02;11;21;20;12;06;05;19;07;23;24;14;10;25>
19/06/2008<16;02;13;25;09;14;01;06;21;15;05;23;18;12;11>
23/06/2008<17;08;13;15;11;22;21;06;01;02;18;23;25;07;16>
26/06/2008<16;14;21;09;06;17;08;03;20;19;01;12;11;07;04>
30/06/2008<10;15;16;11;03;25;01;14;19;05;22;02;17;06;08>
03/07/2008<03;11;07;08;23;04;19;16;09;05;01;18;22;10;12>
07/07/2008<16;04;07;19;09;03;05;21;20;15;25;17;06;14;12>
10/07/2008<13;19;01;23;18;16;15;05;22;20;24;21;08;02;10>
14/07/2008<14;04;19;02;08;21;20;25;11;10;06;09;05;22;03>
17/07/2008<20;05;21;12;11;07;16;19;18;13;22;01;25;24;09>
21/07/2008<08;03;11;25;23;12;21;15;01;04;20;13;16;19;22>
24/07/2008<20;15;11;25;06;08;18;12;13;16;14;19;22;03;05>
28/07/2008<11;16;09;20;25;24;05;03;12;10;15;13;04;21;06>
31/07/2008<23;25;09;24;20;02;12;16;19;14;15;07;18;11;21>
04/08/2008<14;10;23;05;12;06;08;17;24;18;15;02;01;21;03>
07/08/2008<15;24;19;03;18;14;25;12;20;09;10;11;05;08;07>
11/08/2008<14;08;20;19;12;25;01;07;18;24;02;17;05;22;21>
14/08/2008<07;08;17;20;22;12;01;16;02;19;25;24;05;14;18>
18/08/2008<23;09;01;14;13;07;15;04;25;22;12;08;06;02;03>
21/08/2008<07;01;12;03;24;18;23;05;19;02;14;11;10;17;16>
25/08/2008<03;01;15;13;06;20;17;24;19;02;12;22;04;09;18>
28/08/2008<18;23;19;08;12;02;09;11;03;21;22;20;13;17;07>
01/09/2008<23;22;09;10;08;19;17;12;01;02;18;21;04;16;07>
04/09/2008<12;11;23;13;08;04;19;25;18;07;10;06;09;15;02>
08/09/2008<13;10;02;24;05;16;15;11;14;19;09;04;25;22;20>
11/09/2008<17;10;06;23;21;05;08;09;14;02;19;01;13;11;25>
15/09/2008<25;16;17;11;14;18;12;23;24;04;15;02;10;06;09>
18/09/2008<22;21;12;04;25;13;08;24;16;11;07;17;19;18;10>
22/09/2008<05;17;18;02;11;08;04;19;20;01;03;24;09;23;07>
25/09/2008<09;01;20;12;07;10;14;24;19;23;13;04;17;16;15>
29/09/2008<10;23;04;13;22;06;03;18;01;02;24;12;05;07;17>
02/10/2008<22;23;16;03;08;06;17;02;04;09;13;11;15;20;21>
06/10/2008<02;09;06;15;19;21;12;11;07;20;22;13;24;03;04>
09/10/2008<11;12;04;08;19;05;15;20;23;16;03;24;25;18;10>
13/10/2008<23;06;22;11;15;21;13;05;08;03;17;09;20;18;25>
16/10/2008<15;21;13;20;18;22;12;07;01;17;02;08;04;09;24>
20/10/2008<06;13;22;05;02;03;24;14;11;21;20;15;19;17;04>
23/10/2008<24;09;12;05;15;03;23;11;06;21;01;07;14;22;20>
27/10/2008<14;17;11;03;07;12;19;04;09;10;16;23;06;25;08>
30/10/2008<01;16;02;08;03;13;22;07;10;05;14;06;15;25;09>
03/11/2008<19;12;23;10;24;14;16;06;22;25;17;13;03;04;05>
06/11/2008<19;20;11;22;04;17;14;13;09;23;02;15;12;21;06>
10/11/2008<21;03;25;24;16;09;06;18;20;23;13;12;22;02;01>
13/11/2008<01;05;16;10;25;02;14;13;11;18;07;19;12;17;20>
17/11/2008<12;24;03;14;08;20;16;10;18;22;13;21;25;15;02>
20/11/2008<22;11;12;15;04;03;01;08;02;07;17;09;13;19;20>
24/11/2008<24;02;25;13;16;14;06;23;12;04;15;21;03;22;19>
27/11/2008<21;07;14;17;16;13;04;22;05;03;12;25;18;11;10>
01/12/2008<08;07;14;09;25;06;23;10;04;17;18;22;03;11;02>
04/12/2008<03;07;13;19;25;15;06;12;17;04;10;22;21;09;01>
08/12/2008<10;15;11;03;24;08;12;02;04;14;22;21;07;09;16>
11/12/2008<24;22;11;16;15;07;09;23;18;06;05;14;25;12;03>
15/12/2008<17;19;13;22;07;11;25;04;01;15;18;03;21;10;20>
18/12/2008<04;05;08;12;20;23;25;06;13;15;18;01;24;22;02>
22/12/2008<23;15;11;21;19;03;07;06;09;01;18;20;25;02;04>
26/12/2008<23;12;11;14;19;15;21;09;04;22;08;02;20;03;10>
29/12/2008<01;07;21;15;16;09;11;06;10;20;05;17;03;18;02>
02/01/2009<19;23;02;12;03;09;24;04;17;05;10;25;13;06;18>
05/01/2009<12;25;21;05;07;22;19;02;20;13;14;10;11;15;24>
08/01/2009<21;18;25;16;06;15;04;23;13;12;03;01;09;22;08>
12/01/2009<01;23;02;18;20;03;17;21;11;25;15;10;04;14;12>
15/01/2009<04;08;23;17;03;21;22;20;18;01;25;06;07;10;11>
19/01/2009<06;14;12;13;02;22;16;20;18;07;24;21;08;23;05>
22/01/2009<02;08;11;25;22;01;04;09;13;14;15;23;21;17;06>
26/01/2009<03;02;09;01;05;10;15;13;22;07;06;24;20;18;11>
29/01/2009<15;02;25;20;06;04;10;01;03;05;09;13;14;08;22>
02/02/2009<13;22;10;03;09;16;12;20;05;07;18;04;21;02;08>
05/02/2009<10;22;12;11;14;24;21;19;09;17;23;01;07;04;16>
09/02/2009<12;20;23;24;15;01;09;22;10;19;17;14;16;21;05>
12/02/2009<08;07;25;17;23;10;06;24;21;05;02;03;14;16;01>
16/02/2009<09;06;21;22;20;01;11;07;08;23;02;04;25;24;16>
19/02/2009<25;21;08;14;24;13;02;09;07;04;12;15;06;11;19>
26/02/2009<21;08;14;01;06;13;20;11;18;16;24;25;22;05;10>
02/03/2009<18;16;25;05;07;24;06;11;08;04;19;22;14;13;12>
05/03/2009<16;09;05;01;02;08;24;04;22;21;11;07;10;17;23>
09/03/2009<12;14;11;17;22;20;25;04;08;15;06;16;09;07;02>
12/03/2009<20;01;14;12;18;03;21;22;11;04;02;10;15;23;19>
16/03/2009<24;06;14;20;08;07;23;25;04;02;10;16;21;01;17>
19/03/2009<05;17;01;04;08;15;19;18;07;10;25;09;14;13;11>
23/03/2009<18;17;01;05;14;25;07;16;12;24;20;11;22;21;09>
26/03/2009<18;20;21;12;04;11;03;22;19;17;25;10;09;08;16>
30/03/2009<08;16;20;21;14;03;10;25;13;17;06;12;02;05;09>
02/04/2009<03;16;19;15;06;05;20;11;18;25;21;10;08;02;09>
06/04/2009<07;03;15;01;22;18;19;23;10;11;20;13;14;21;17>
09/04/2009<13;20;06;19;23;25;15;05;18;22;24;01;02;07;16>
15/04/2009<21;08;17;12;01;23;14;13;02;09;03;11;19;16;15>
16/04/2009<05;19;20;22;11;09;14;08;10;12;24;25;13;18;23>
20/04/2009<23;03;17;21;16;14;18;05;04;22;20;15;24;07;06>
23/04/2009<22;11;03;19;09;05;04;24;10;25;12;18;08;07;06>
27/04/2009<25;10;14;04;05;15;09;03;13;20;16;08;19;23;12>
30/04/2009<25;07;22;03;08;18;14;17;01;23;04;12;13;06;02>
04/05/2009<17;16;24;20;25;01;13;02;23;18;11;15;05;03;22>
07/05/2009<06;11;13;24;10;01;15;18;25;16;09;03;17;14;19>
11/05/2009<16;01;19;22;23;07;10;20;11;12;13;18;09;15;24>
14/05/2009<06;15;16;24;19;11;25;03;05;10;04;18;02;22;08>
18/05/2009<04;09;07;24;03;11;16;01;10;21;06;22;19;05;12>
21/05/2009<13;17;04;14;01;20;18;24;23;11;22;15;19;03;21>
25/05/2009<16;07;23;03;05;13;02;12;25;14;19;04;06;17;08>
28/05/2009<05;14;02;20;15;07;25;13;22;06;04;23;09;11;03>
01/06/2009<24;03;18;05;12;21;13;09;15;20;22;11;01;23;02>
04/06/2009<10;15;13;06;21;12;02;17;07;20;03;23;04;19;24>
08/06/2009<14;15;19;07;09;08;24;21;23;03;01;05;02;25;22>
12/06/2009<21;12;03;15;17;11;13;16;04;09;23;06;25;24;18>
15/06/2009<14;16;25;11;24;15;01;10;17;21;18;05;04;13;03>
18/06/2009<20;03;15;25;07;23;04;06;21;19;13;10;14;18;22>
22/06/2009<12;20;05;21;01;08;19;04;11;23;06;17;10;16;02>
25/06/2009<21;18;07;23;13;08;09;01;15;17;11;24;22;25;04>
29/06/2009<09;25;02;21;10;03;11;05;14;24;23;17;19;12;15>
02/07/2009<12;01;14;19;03;13;15;21;05;22;25;24;16;08;09>
06/07/2009<11;25;13;02;20;01;09;07;10;14;04;08;03;23;24>
09/07/2009<22;06;12;23;08;05;18;25;14;15;17;24;09;13;07>
13/07/2009<23;05;12;07;18;03;16;10;17;11;19;22;21;01;02>
16/07/2009<02;07;22;18;19;20;25;03;21;01;15;06;10;14;24>
20/07/2009<01;15;10;02;04;12;07;20;18;21;13;16;09;11;19>
23/07/2009<01;08;04;15;06;11;14;16;24;05;19;21;10;23;02>
27/07/2009<18;16;25;21;24;08;22;17;05;12;01;02;19;10;20>
30/07/2009<10;17;20;05;12;23;01;06;15;13;24;03;14;09;11>
03/08/2009<17;01;10;03;04;08;19;18;11;02;22;24;09;25;16>
06/08/2009<24;22;11;14;05;09;16;07;04;21;23;18;17;25;06>
10/08/2009<18;05;14;09;24;23;08;19;15;06;01;22;17;03;25>
13/08/2009<18;14;20;09;17;24;12;19;25;10;11;01;06;08;07>
17/08/2009<03;24;14;04;01;19;09;02;06;25;15;11;20;21;17>
20/08/2009<12;06;04;24;20;17;22;19;25;03;13;11;15;07;14>
24/08/2009<07;12;18;21;19;11;01;06;04;03;23;14;05;08;25>
27/08/2009<23;12;14;04;11;24;25;09;13;17;03;10;01;18;21>
31/08/2009<15;19;25;04;21;13;23;22;14;16;11;18;05;01;20>
03/09/2009<22;06;13;09;04;20;03;15;08;05;02;07;18;16;11>
08/09/2009<11;17;10;19;23;02;14;15;01;20;04;21;03;07;12>
10/09/2009<04;09;10;01;19;15;23;11;22;17;16;12;14;06;03>
14/09/2009<11;19;04;24;06;12;23;08;15;17;05;07;14;13;03>
17/09/2009<18;03;07;23;17;24;21;01;08;14;05;22;16;02;12>
21/09/2009<22;19;02;09;18;23;25;20;11;03;06;13;07;17;14>
24/09/2009<05;25;17;02;08;21;01;23;22;16;24;19;20;10;11>
28/09/2009<07;10;01;22;09;18;06;25;11;03;21;02;19;13;04>
01/10/2009<06;12;17;08;20;14;10;19;25;02;22;11;07;18;21>
05/10/2009<07;10;02;13;25;04;22;15;21;24;14;06;18;17;05>
08/10/2009<15;09;18;17;05;13;02;06;10;21;25;03;24;22;12>
13/10/2009<06;25;05;23;13;14;19;02;22;18;11;10;07;01;08>
15/10/2009<20;06;07;18;22;23;13;05;15;04;01;08;03;11;10>
19/10/2009<04;25;20;12;24;16;13;15;11;06;09;03;10;14;02>
22/10/2009<13;06;11;02;12;01;14;07;20;08;04;17;18;15;05>
27/10/2009<08;25;05;07;15;01;06;17;23;09;11;22;12;19;02>
29/10/2009<03;11;10;23;16;17;21;15;12;02;05;09;01;18;24>
03/11/2009<04;09;02;20;23;03;21;11;06;05;14;13;25;10;17>
05/11/2009<06;01;13;05;10;07;24;17;09;19;16;15;14;25;11>
09/11/2009<08;16;07;14;04;24;02;20;06;23;18;11;25;12;10>
12/11/2009<11;02;22;09;10;13;24;23;07;12;05;16;25;03;18>
16/11/2009<18;15;13;23;24;03;05;22;19;02;11;08;16;14;25>
19/11/2009<22;07;06;24;11;08;09;12;04;25;19;18;05;17;15>
23/11/2009<05;13;17;15;24;22;21;12;10;03;14;09;01;07;20>
26/11/2009<25;17;15;02;21;08;10;09;22;12;06;23;07;19;16>
30/11/2009<22;05;01;07;21;06;24;17;18;04;09;14;11;12;23>
03/12/2009<08;04;16;20;23;14;06;13;01;11;09;17;21;10;25>
07/12/2009<25;17;22;07;06;18;24;20;03;21;16;02;11;05;04>
10/12/2009<04;15;13;20;19;02;22;09;07;05;11;03;18;01;21>
14/12/2009<08;07;05;17;06;24;15;14;18;21;04;09;10;22;19>
17/12/2009<08;07;05;13;24;14;06;20;17;15;25;22;18;12;11>
21/12/2009<23;12;17;10;11;01;05;21;18;22;25;02;14;07;19>
24/12/2009<10;21;12;23;17;05;13;16;14;08;22;06;18;03;11>
28/12/2009<01;23;13;02;16;11;03;07;25;24;09;21;22;12;20>
31/12/2009<15;03;11;01;12;08;24;06;02;04;14;21;19;25;18>
04/01/2010<22;13;25;15;17;12;01;05;14;18;07;04;21;10;08>
07/01/2010<12;04;07;03;20;13;05;18;08;19;16;15;21;22;02>
11/01/2010<01;09;24;03;07;06;13;11;08;25;17;22;04;15;19>
14/01/2010<19;11;21;22;17;14;05;16;07;09;24;13;15;04;03>
18/01/2010<02;16;04;05;25;17;11;09;03;08;12;14;01;23;19>
21/01/2010<11;14;20;05;16;02;23;13;22;04;15;01;06;25;18>
25/01/2010<19;07;03;02;25;12;24;10;01;11;20;15;17;04;21>
28/01/2010<25;16;02;05;13;21;23;08;18;06;14;03;10;20;09>
01/02/2010<18;03;25;17;21;23;02;12;19;04;15;09;24;06;01>
04/02/2010<23;02;10;05;19;13;04;03;16;01;06;08;24;11;18>
08/02/2010<01;02;14;12;03;17;05;07;20;25;11;15;21;24;04>
11/02/2010<16;15;20;10;17;13;18;14;09;21;12;19;01;23;06>
13/02/2010<03;06;19;24;16;21;17;15;22;07;18;11;20;04;09>
18/02/2010<21;20;19;04;11;09;15;12;06;16;24;17;22;05;13>
22/02/2010<08;24;09;11;03;20;21;01;06;10;23;05;02;12;25>
25/02/2010<14;15;19;08;05;02;07;09;03;25;06;16;24;18;23>
01/03/2010<20;11;17;01;03;24;15;09;25;05;12;06;19;16;22>
04/03/2010<23;03;21;04;20;07;06;13;25;01;22;10;11;12;02>
08/03/2010<24;13;11;17;25;05;12;19;01;21;18;14;10;07;02>
12/03/2010<09;02;12;15;16;05;24;06;21;07;01;04;10;08;13>
15/03/2010<15;20;18;17;22;02;23;03;01;09;10;13;25;11;06>
18/03/2010<01;07;24;25;08;11;22;17;09;12;15;05;06;18;21>
22/03/2010<11;18;14;05;03;17;07;20;25;09;10;02;13;24;12>
25/03/2010<08;07;23;11;21;04;20;06;18;05;14;24;12;02;13>
29/03/2010<09;21;07;23;12;17;11;03;13;22;08;01;04;06;05>
01/04/2010<19;13;11;20;14;17;24;10;05;16;12;06;04;07;22>
05/04/2010<23;09;17;19;24;16;03;12;15;11;07;25;13;02;21>
08/04/2010<15;12;24;10;14;04;18;06;05;22;20;09;02;23;19>
12/04/2010<19;09;05;17;12;11;02;10;06;23;04;20;13;01;03>
15/04/2010<16;25;11;06;19;22;23;04;02;21;07;09;17;18;24>
19/04/2010<02;19;11;13;04;08;16;25;24;17;12;05;09;10;18>
22/04/2010<03;11;07;22;05;02;17;23;20;24;12;06;14;10;21>
26/04/2010<04;09;03;25;15;21;17;16;20;22;18;06;10;13;11>
29/04/2010<04;08;24;12;07;10;01;15;02;25;09;11;16;19;14>
03/05/2010<11;05;14;02;06;09;22;23;12;19;15;24;01;16;17>
06/05/2010<06;23;10;04;12;15;07;24;11;25;02;19;03;21;08>
10/05/2010<23;16;25;07;19;05;18;03;20;17;22;11;06;02;12>
13/05/2010<11;16;10;03;08;23;14;09;18;04;07;06;12;21;22>
17/05/2010<14;03;12;21;01;15;23;25;22;07;16;17;10;13;02>
20/05/2010<24;07;02;09;15;06;16;05;19;12;01;11;22;04;13>
24/05/2010<20;10;08;24;25;18;13;16;09;01;11;17;02;03;14>
27/05/2010<03;24;02;22;05;18;07;01;19;08;12;21;11;13;15>
31/05/2010<01;25;13;04;05;24;23;11;15;19;21;16;09;06;17>
04/06/2010<03;19;16;04;20;11;17;09;15;22;23;05;25;24;07>
07/06/2010<10;18;06;24;11;17;22;23;15;04;02;09;14;01;20>
10/06/2010<12;16;06;18;10;24;19;20;13;17;11;25;21;05;02>
14/06/2010<12;04;05;16;06;14;02;13;08;01;21;09;15;23;19>
17/06/2010<13;11;12;07;18;16;09;22;15;24;19;20;02;06;08>
21/06/2010<09;03;20;17;19;10;22;06;04;13;25;14;05;24;15>
24/06/2010<18;13;08;02;04;17;22;10;24;05;09;16;01;03;20>
28/06/2010<07;20;15;01;13;17;25;24;14;16;22;11;08;10;05>
01/07/2010<18;19;09;21;05;08;07;04;02;14;15;13;11;24;23>
05/07/2010<18;24;01;23;13;12;11;05;25;07;06;14;15;17;03>
08/07/2010<05;17;10;04;09;13;03;19;18;12;21;08;11;02;23>
12/07/2010<25;14;09;10;06;05;17;20;04;01;02;12;24;19;16>
15/07/2010<20;23;06;13;09;14;03;04;01;02;07;25;05;08;17>
19/07/2010<22;10;20;14;13;09;07;03;04;15;17;16;21;23;11>
22/07/2010<16;22;14;13;11;01;09;21;17;06;10;05;18;20;07>
26/07/2010<10;12;20;19;13;18;24;16;21;14;08;22;03;07;17>
29/07/2010<01;24;22;04;08;13;17;20;06;10;25;12;03;05;23>
02/08/2010<10;23;21;07;14;15;17;08;12;04;05;24;13;18;09>
05/08/2010<13;03;22;04;25;20;19;06;09;24;21;17;02;14;01>
09/08/2010<07;24;16;01;02;17;14;08;10;20;12;06;09;23;18>
12/08/2010<08;11;18;20;25;01;04;09;22;23;14;13;16;17;24>
16/08/2010<07;18;12;09;08;21;14;05;17;15;23;10;20;19;01>
19/08/2010<14;07;25;05;24;04;20;17;21;03;18;22;12;10;01>
23/08/2010<19;14;16;01;07;11;05;10;21;23;02;20;22;13;09>
26/08/2010<01;04;18;21;23;25;12;24;10;19;09;20;02;14;17>
30/08/2010<07;12;15;06;02;03;17;09;11;21;10;20;04;13;18>
02/09/2010<03;22;16;08;13;14;24;05;18;21;20;01;07;19;02>
06/09/2010<06;20;12;03;01;04;23;05;09;19;07;22;16;24;11>
09/09/2010<09;19;03;14;24;12;15;21;17;23;07;04;01;20;02>
13/09/2010<24;06;07;12;21;01;09;17;18;04;20;15;19;10;23>
16/09/2010<05;20;16;04;01;09;07;17;03;14;15;21;11;19;10>
20/09/2010<01;14;10;05;15;09;25;12;13;02;07;17;24;21;08>
23/09/2010<15;16;04;09;13;06;01;20;05;18;17;07;08;21;02>
27/09/2010<19;25;07;06;18;17;12;16;13;01;02;08;22;24;20>
30/09/2010<20;10;18;21;14;05;02;01;15;12;22;23;04;19;03>
04/10/2010<25;03;11;15;05;24;12;06;19;04;20;18;07;16;21>
07/10/2010<21;05;15;13;16;09;22;10;19;14;06;17;08;02;24>
11/10/2010<11;24;22;02;20;10;14;01;07;03;12;23;18;25;16>
14/10/2010<06;19;20;16;18;25;14;12;22;01;21;11;13;23;05>
18/10/2010<15;21;03;16;13;05;08;24;09;22;19;12;17;10;18>
21/10/2010<15;21;25;06;12;10;08;13;18;16;19;17;09;23;11>
25/10/2010<08;16;15;04;03;02;22;10;19;01;23;05;21;18;12>
28/10/2010<10;08;21;19;22;06;16;04;23;07;15;12;01;14;13>
01/11/2010<06;07;14;24;17;20;19;13;10;01;08;21;03;05;12>
04/11/2010<06;21;13;12;08;07;16;10;09;25;01;04;17;14;24>
08/11/2010<11;19;04;09;18;23;13;21;02;25;14;06;12;17;15>
11/11/2010<12;08;18;17;25;23;03;10;07;19;21;09;15;13;11>
16/11/2010<11;04;07;17;14;19;18;01;09;23;03;16;21;24;08>
18/11/2010<07;21;23;14;06;10;02;05;11;19;22;20;08;03;15>
22/11/2010<01;08;13;17;14;15;20;16;18;24;09;23;07;05;10>
25/11/2010<25;07;12;04;24;18;11;17;06;03;19;22;08;16;02>
29/11/2010<01;05;13;21;20;19;07;18;23;11;17;10;09;04;12>
02/12/2010<25;17;04;14;05;11;18;19;23;12;24;01;07;13;20>
06/12/2010<04;25;21;23;13;06;12;09;10;03;02;24;08;22;20>
09/12/2010<09;20;15;06;16;19;11;03;01;13;10;21;04;18;14>
13/12/2010<20;07;02;16;14;11;08;21;17;19;01;10;23;04;15>
16/12/2010<19;16;18;22;20;05;08;17;01;09;03;14;15;06;10>
20/12/2010<23;24;15;14;06;10;11;25;13;03;04;05;01;09;20>
23/12/2010<11;02;23;18;25;20;07;14;13;16;09;06;15;03;10>
27/12/2010<06;08;07;21;17;19;25;10;24;15;12;11;05;01;09>
30/12/2010<11;19;08;10;25;22;20;12;17;07;23;09;03;18;02>
03/01/2011<05;01;14;16;08;03;17;10;25;02;18;09;11;22;24>
06/01/2011<05;14;03;19;01;07;12;18;22;25;11;21;15;04;20>
10/01/2011<12;05;24;16;09;20;02;23;21;13;06;18;07;22;04>
13/01/2011<09;11;25;17;16;18;10;19;05;06;08;22;01;23;03>
17/01/2011<12;09;13;10;25;16;14;03;20;01;07;19;11;05;06>
20/01/2011<09;18;25;12;05;07;10;01;08;06;11;02;23;22;13>
24/01/2011<08;06;23;13;22;12;19;20;02;15;04;21;16;05;10>
27/01/2011<15;01;07;25;09;12;13;18;14;02;24;22;06;19;20>
31/01/2011<05;21;25;02;18;04;14;23;07;11;03;13;16;17;10>
03/02/2011<03;25;14;16;06;02;18;08;22;12;24;10;07;23;15>
07/02/2011<20;19;16;17;25;09;22;24;12;21;15;03;18;05;07>
10/02/2011<19;13;10;18;25;23;01;14;08;03;16;07;05;02;17>
14/02/2011<23;14;19;04;11;01;07;16;20;12;09;02;25;15;10>
17/02/2011<10;22;02;16;13;01;25;21;14;07;15;04;06;08;12>
21/02/2011<13;06;18;04;16;08;02;03;14;09;23;05;21;19;20>
24/02/2011<09;23;02;15;03;10;25;07;18;01;19;06;17;13;16>
28/02/2011<02;10;05;13;07;22;06;25;20;23;16;12;11;14;17>
03/03/2011<16;01;18;06;22;05;12;09;07;11;20;19;17;23;13>
05/03/2011<19;07;11;17;01;08;02;23;04;20;24;22;25;21;12>
10/03/2011<09;06;16;15;01;22;02;25;21;18;10;17;24;12;19>
14/03/2011<14;03;19;22;24;21;04;02;15;05;25;10;16;07;01>
17/03/2011<02;22;04;12;09;01;20;07;19;06;05;21;24;17;13>
21/03/2011<19;21;08;17;14;03;01;07;18;09;13;20;25;04;23>
24/03/2011<10;16;18;21;14;07;06;12;20;01;05;11;15;22;19>
28/03/2011<03;02;09;25;16;22;05;10;24;08;12;20;15;06;01>
31/03/2011<03;13;17;05;07;11;10;15;06;09;02;04;21;18;12>
04/04/2011<02;11;05;15;08;03;20;10;01;04;09;23;25;12;22>
07/04/2011<24;18;05;07;04;21;02;20;12;11;17;01;09;06;16>
11/04/2011<03;14;23;16;24;13;06;15;11;02;10;08;17;22;01>
14/04/2011<09;02;11;07;24;08;19;05;17;13;01;03;23;21;04>
18/04/2011<23;25;06;10;02;17;01;14;15;03;21;04;22;12;24>
20/04/2011<19;10;13;07;08;18;02;25;09;04;22;15;03;11;23>
25/04/2011<07;21;12;17;25;01;02;14;09;19;06;05;15;22;04>
28/04/2011<06;22;20;13;02;17;18;07;24;12;01;14;25;04;23>
02/05/2011<16;02;10;17;09;03;13;18;14;20;07;21;19;08;05>
05/05/2011<24;10;13;06;16;25;11;21;08;22;17;14;01;20;04>
09/05/2011<22;02;08;07;12;23;20;24;06;03;25;09;21;10;18>
12/05/2011<21;09;15;20;05;22;03;19;12;04;10;18;02;11;14>
16/05/2011<01;04;11;19;05;08;18;09;24;07;13;06;20;22;12>
19/05/2011<03;01;04;13;06;21;19;20;25;12;10;16;23;14;02>
23/05/2011<18;02;09;07;25;19;22;13;06;04;20;23;16;17;21>
26/05/2011<02;03;18;04;21;24;14;13;19;09;11;01;16;23;25>
30/05/2011<21;22;12;04;10;08;06;19;02;16;09;20;01;05;24>
02/06/2011<01;16;09;21;14;03;18;04;22;05;23;20;11;19;13>
06/06/2011<11;02;18;19;24;16;09;21;22;06;13;03;07;08;20>
09/06/2011<18;13;08;10;12;25;02;05;21;20;01;04;11;19;22>
13/06/2011<24;10;19;08;16;13;02;09;17;07;21;22;04;23;01>
16/06/2011<12;09;06;21;07;05;18;24;08;13;15;14;03;02;22>
20/06/2011<25;19;23;21;04;11;16;20;09;22;10;08;13;18;05>
24/06/2011<01;17;23;06;25;15;05;03;09;21;18;19;14;10;20>
27/06/2011<19;09;14;20;22;18;06;23;04;08;11;07;17;13;25>
30/06/2011<20;08;09;22;13;19;02;21;06;10;15;16;04;11;18>
04/07/2011<01;14;02;11;17;24;09;08;06;21;15;04;05;10;22>
07/07/2011<16;19;24;01;25;14;13;23;08;03;20;10;21;17;07>
11/07/2011<13;05;15;10;14;25;18;06;04;20;01;24;08;17;19>
14/07/2011<17;07;02;21;20;13;19;05;09;16;11;14;10;23;18>
18/07/2011<16;03;20;01;19;17;22;13;12;23;14;21;07;08;02>
21/07/2011<25;20;12;13;16;03;07;19;22;17;14;01;02;18;23>
25/07/2011<20;13;21;19;11;25;05;14;08;02;15;07;24;10;23>
28/07/2011<03;18;08;14;15;05;22;09;20;07;25;11;23;02;13>
01/08/2011<13;25;19;17;08;23;05;15;02;10;04;06;24;12;03>
04/08/2011<06;04;17;07;23;24;14;25;09;21;11;15;01;05;10>
08/08/2011<23;03;08;12;10;24;06;09;20;01;15;11;04;05;19>
11/08/2011<17;05;15;16;04;09;03;07;06;12;19;24;14;08;25>
15/08/2011<01;07;20;22;03;15;24;06;23;17;10;19;18;11;12>
18/08/2011<07;14;13;02;08;15;01;09;06;03;19;16;22;11;20>
22/08/2011<13;04;21;19;02;06;24;17;09;16;22;05;23;11;07>
25/08/2011<18;15;01;23;24;20;07;21;13;03;10;16;04;17;14>
29/08/2011<21;03;13;02;17;07;15;22;24;14;20;06;18;12;25>
01/09/2011<12;24;11;06;07;14;04;16;01;25;02;18;15;20;21>
05/09/2011<13;15;10;04;17;25;08;06;24;03;20;19;21;18;05>
08/09/2011<11;25;15;01;13;09;20;24;23;10;17;07;12;16;02>
13/09/2011<15;16;25;19;02;23;04;05;22;06;18;17;12;13;24>
15/09/2011<01;18;21;20;14;07;25;10;22;15;08;12;23;17;13>
19/09/2011<10;09;18;20;08;13;05;19;12;11;07;04;14;22;24>
22/09/2011<11;21;24;19;04;10;15;01;09;02;06;17;23;12;25>
26/09/2011<02;17;04;15;10;13;11;09;12;14;20;08;05;19;07>
29/09/2011<10;03;14;11;23;02;16;22;20;24;18;19;25;15;08>
03/10/2011<13;07;05;02;11;22;23;15;04;17;24;14;03;10;16>
06/10/2011<25;15;19;24;06;12;21;16;05;08;13;04;10;02;20>
10/10/2011<16;12;02;19;25;10;06;01;13;07;05;08;15;23;11>
13/10/2011<23;02;19;18;03;15;20;12;09;05;21;07;10;25;24>
17/10/2011<22;11;10;17;15;14;20;02;21;13;19;08;12;07;18>
20/10/2011<03;06;08;09;19;13;21;04;18;12;20;07;22;16;14>
24/10/2011<04;18;06;14;15;16;23;11;19;02;08;07;03;10;12>
27/10/2011<04;18;22;24;19;25;14;02;01;17;05;11;08;07;06>
31/10/2011<08;15;06;12;09;05;01;04;13;23;10;24;02;07;11>
03/11/2011<04;08;22;25;01;13;24;20;14;21;11;12;05;10;16>
07/11/2011<20;22;01;25;15;04;12;23;03;21;09;19;13;17;24>
10/11/2011<20;01;06;12;03;24;16;04;13;19;07;10;22;25;23>
14/11/2011<18;19;13;20;23;01;06;03;24;15;12;25;04;02;09>
17/11/2011<21;23;07;01;04;14;03;19;02;24;09;12;22;16;11>
21/11/2011<11;23;13;08;17;07;04;24;02;03;12;05;15;22;06>
24/11/2011<03;15;24;12;20;01;10;14;25;13;09;02;18;19;11>
28/11/2011<22;01;20;06;07;17;09;08;23;03;18;11;19;13;02>
01/12/2011<04;22;17;12;10;11;24;23;18;02;06;19;01;07;21>
05/12/2011<06;14;17;07;01;04;02;11;09;22;19;03;10;16;21>
08/12/2011<03;16;15;11;10;06;21;08;14;01;09;24;19;18;20>
12/12/2011<24;22;13;03;05;21;17;18;19;20;04;11;02;25;14>
15/12/2011<05;20;15;04;09;07;22;13;24;16;11;21;01;10;14>
19/12/2011<03;07;24;19;08;01;11;23;22;14;16;15;02;25;18>
22/12/2011<04;06;12;22;07;21;20;09;15;03;14;24;10;18;02>
26/12/2011<22;18;03;08;04;21;19;06;02;25;23;10;09;16;15>
29/12/2011<10;21;25;01;22;18;13;02;16;06;07;14;08;19;09>
02/01/2012<17;04;20;21;16;10;19;13;12;03;22;23;25;14;08>
05/01/2012<04;14;25;08;23;05;13;03;01;10;02;07;20;06;09>
09/01/2012<08;24;15;23;02;18;11;21;25;20;17;14;22;05;10>
12/01/2012<15;17;08;16;11;24;14;22;05;23;02;13;06;03;10>
16/01/2012<15;21;22;20;12;09;06;14;11;25;07;08;16;03;04>
19/01/2012<22;18;21;16;08;01;25;12;19;24;03;13;06;02;04>
23/01/2012<25;08;11;20;16;07;03;24;17;12;21;15;14;04;06>
26/01/2012<01;19;14;06;02;16;21;03;24;05;11;25;04;09;22>
30/01/2012<06;08;20;12;11;07;14;18;03;01;22;15;16;19;23>
02/02/2012<19;03;17;14;20;25;21;06;04;18;15;12;24;02;22>
06/02/2012<02;12;18;21;06;04;01;24;10;22;16;05;15;07;13>
08/02/2012<09;04;20;18;17;16;08;15;22;21;23;12;01;25;14>
10/02/2012<23;11;22;06;02;13;15;21;25;05;14;03;19;04;24>
13/02/2012<13;17;07;19;06;10;21;12;15;14;04;11;08;09;22>
15/02/2012<08;15;24;05;20;18;03;25;13;11;22;01;23;10;14>
17/02/2012<21;23;11;18;07;03;12;16;08;20;14;15;25;01;05>
22/02/2012<05;09;18;21;23;02;01;14;11;08;07;20;16;03;25>
24/02/2012<22;19;03;14;04;24;09;13;21;11;23;25;07;15;17>
27/02/2012<18;11;22;24;10;02;15;16;09;23;13;25;08;07;19>
01/03/2012<04;09;17;16;12;24;07;23;13;18;10;20;11;25;21>
02/03/2012<05;21;15;14;03;09;12;07;19;10;11;08;04;02;01>
05/03/2012<07;01;23;19;06;08;05;20;03;14;10;17;24;13;16>
07/03/2012<03;14;09;08;20;11;04;05;07;15;24;02;12;10;18>
09/03/2012<07;06;20;12;23;14;18;10;19;01;25;03;24;15;05>
12/03/2012<05;17;13;01;21;16;15;24;07;06;18;10;09;25;12>
14/03/2012<10;16;20;25;21;07;13;11;24;02;15;04;09;01;14>
16/03/2012<25;08;23;03;24;16;11;20;06;21;09;18;22;07;04>
19/03/2012<13;23;11;07;25;16;06;20;10;19;08;22;21;03;04>
21/03/2012<10;02;14;12;09;22;06;03;25;15;23;17;01;07;04>
23/03/2012<22;24;21;19;04;01;20;12;18;16;08;11;03;14;25>
26/03/2012<04;07;18;08;06;21;24;14;22;17;03;12;15;19;11>
28/03/2012<25;14;01;11;13;24;20;08;23;09;10;04;22;17;21>
30/03/2012<08;18;11;14;04;22;01;16;24;20;07;05;12;06;19>
02/04/2012<24;15;02;03;19;20;23;08;09;21;13;17;06;18;10>
04/04/2012<08;20;22;05;11;24;13;21;19;14;12;25;17;10;06>
07/04/2012<04;10;02;17;13;15;21;09;03;23;08;16;06;19;05>
09/04/2012<03;07;18;04;16;25;05;10;22;02;12;06;17;14;08>
11/04/2012<25;23;13;06;14;11;16;18;09;07;02;24;19;20;12>
13/04/2012<11;25;14;02;22;20;08;09;10;17;03;21;04;23;24>
16/04/2012<10;21;11;13;24;09;05;22;04;01;19;12;25;14;23>
18/04/2012<18;03;14;12;24;05;21;11;02;07;17;13;10;25;16>
20/04/2012<23;20;01;07;06;05;14;21;08;11;03;15;13;09;19>
23/04/2012<12;11;03;10;02;24;14;17;01;15;21;06;09;22;23>
25/04/2012<09;03;04;12;10;13;06;16;11;01;19;23;07;15;24>
27/04/2012<07;01;17;12;16;24;08;09;03;06;11;20;22;25;13>
30/04/2012<16;18;09;08;25;17;10;24;02;20;21;19;04;03;05>
02/05/2012<24;04;10;23;12;15;07;20;02;13;06;16;17;01;03>
04/05/2012<04;18;23;17;09;15;05;06;10;12;21;20;08;03;01>
07/05/2012<24;02;07;08;18;11;06;22;14;13;01;04;19;15;03>
09/05/2012<09;03;02;20;25;04;13;07;10;19;05;21;11;15;24>
11/05/2012<14;17;20;23;13;12;06;03;09;16;22;05;08;19;21>
14/05/2012<13;06;24;21;19;14;16;08;12;01;25;04;18;07;05>
16/05/2012<07;03;11;01;22;08;05;13;21;14;06;04;17;25;20>
18/05/2012<01;19;05;16;04;20;15;18;24;07;23;22;17;13;25>
21/05/2012<14;24;03;05;25;11;17;02;07;08;13;01;10;16;12>
23/05/2012<15;17;03;20;14;13;08;25;05;06;10;16;22;07;23>
25/05/2012<04;10;11;01;21;20;09;14;17;18;03;23;08;13;15>
28/05/2012<15;18;24;04;05;06;17;16;11;02;20;12;01;25;23>
30/05/2012<20;23;08;16;25;07;05;17;15;18;24;19;02;09;10>
01/06/2012<11;24;02;15;09;25;03;12;13;10;07;01;23;16;17>
04/06/2012<15;11;04;06;01;19;16;13;20;14;12;24;05;10;22>
06/06/2012<07;11;21;13;22;02;01;10;17;03;09;12;05;06;14>
08/06/2012<18;16;21;01;14;25;13;03;06;07;24;04;02;17;22>
11/06/2012<25;04;01;08;23;17;19;03;24;09;11;14;06;16;12>
13/06/2012<14;23;13;25;12;01;02;18;03;09;20;10;07;24;08>
15/06/2012<24;25;12;09;21;15;07;05;16;03;06;14;13;01;18>
18/06/2012<01;11;15;12;05;08;22;24;17;19;23;04;03;07;10>
20/06/2012<11;03;23;19;25;15;06;12;17;20;14;24;05;01;13>
22/06/2012<05;11;04;23;22;16;15;25;07;13;17;10;03;19;20>
25/06/2012<17;12;04;24;01;03;18;06;25;11;22;16;05;09;21>
27/06/2012<20;07;22;25;02;04;06;09;05;23;08;14;17;10;16>
29/06/2012<16;02;12;20;07;06;09;25;15;08;11;24;10;04;23>
02/07/2012<06;18;20;15;08;17;07;10;02;25;22;11;13;24;05>
04/07/2012<19;11;14;06;01;15;18;12;03;08;22;09;04;05;25>
06/07/2012<06;17;12;02;18;10;20;03;16;13;19;08;07;14;09>
09/07/2012<10;24;22;14;02;18;13;04;23;12;01;11;20;03;19>
11/07/2012<21;15;09;25;02;11;14;12;24;03;06;13;20;23;16>
13/07/2012<11;15;20;10;06;09;07;19;24;02;13;25;16;05;22>
16/07/2012<16;20;19;21;14;23;05;13;08;09;22;12;04;17;11>
18/07/2012<21;20;15;08;13;17;16;03;19;24;06;07;18;25;10>
20/07/2012<11;01;02;22;10;25;09;15;04;19;16;08;14;20;17>
23/07/2012<18;13;05;14;20;12;10;17;21;15;19;16;11;09;08>
25/07/2012<20;16;01;08;19;07;02;05;06;13;24;15;22;11;21>
27/07/2012<01;12;02;20;23;13;15;04;21;11;03;07;22;18;25>
30/07/2012<12;11;13;01;17;10;23;15;06;07;04;19;16;21;02>
01/08/2012<21;15;23;24;05;11;08;25;06;10;17;02;04;13;12>
03/08/2012<08;04;10;12;16;01;05;14;09;20;17;19;13;11;23>
06/08/2012<03;12;04;11;24;09;01;22;16;21;25;19;23;08;10>
08/08/2012<18;12;15;03;22;14;08;19;11;02;24;10;21;04;16>
10/08/2012<08;03;07;12;16;10;19;23;18;20;22;13;25;24;06>
13/08/2012<11;08;01;07;02;23;14;22;03;10;21;25;06;13;05>
15/08/2012<20;12;25;14;08;19;21;09;02;03;01;23;06;10;18>
17/08/2012<17;05;20;16;14;23;11;21;02;12;09;04;25;07;18>
20/08/2012<02;15;14;09;03;23;05;24;04;08;20;01;25;06;11>
22/08/2012<09;10;01;03;07;12;08;24;21;14;04;06;02;16;22>
24/08/2012<18;24;11;14;06;21;08;04;10;20;02;16;07;17;03>
27/08/2012<08;07;24;19;02;20;21;11;17;18;03;15;05;25;06>
29/08/2012<16;18;13;24;19;23;22;10;06;08;01;05;11;03;15>
31/08/2012<22;03;11;15;14;21;23;24;16;06;19;25;08;13;04>
06/09/2012<16;13;10;22;12;07;09;06;08;11;04;24;03;21;20>
10/09/2012<25;03;17;01;06;23;21;10;12;07;19;04;18;15;05>
12/09/2012<22;04;09;13;21;14;05;03;10;12;18;08;20;01;25>
14/09/2012<16;25;20;01;17;24;18;14;05;04;19;23;15;12;21>
17/09/2012<01;13;07;23;24;06;03;20;18;17;05;04;21;08;15>
19/09/2012<17;06;11;25;01;16;24;13;14;20;02;04;09;22;07>
21/09/2012<14;25;10;05;03;15;01;20;02;16;24;19;08;07;06>
24/09/2012<19;07;22;25;08;24;11;13;10;21;18;05;04;03;02>
26/09/2012<18;06;17;10;16;24;12;22;04;11;21;14;07;20;25>
28/09/2012<05;02;21;18;01;25;13;16;24;07;09;23;22;19;04>
01/10/2012<06;03;23;15;22;01;24;16;18;12;17;07;21;09;11>
03/10/2012<04;02;17;20;12;03;07;14;19;10;01;05;22;09;06>
05/10/2012<18;01;05;14;20;08;17;24;03;19;11;21;23;07;25>
08/10/2012<03;08;23;01;16;21;10;12;07;05;19;04;24;25;06>
10/10/2012<11;12;04;08;17;21;10;24;13;20;19;03;14;22;23>
13/10/2012<10;20;14;25;08;11;18;07;17;15;22;06;21;23;24>
15/10/2012<13;17;05;25;19;12;08;15;02;03;23;10;16;09;11>
17/10/2012<10;23;08;04;25;12;17;24;11;20;18;02;03;05;01>
19/10/2012<08;24;22;11;05;14;16;23;10;19;25;06;04;20;13>
22/10/2012<12;22;08;06;18;05;03;21;20;19;04;07;09;11;10>
24/10/2012<03;08;22;09;02;01;07;24;06;16;05;13;23;15;10>
26/10/2012<25;17;24;07;10;11;03;09;12;21;05;16;23;14;04>
29/10/2012<03;15;22;11;24;02;14;18;12;05;19;17;21;16;23>
31/10/2012<02;05;12;16;20;24;22;09;25;11;13;19;04;01;14>
03/11/2012<22;04;03;07;19;21;24;14;20;11;15;25;13;02;12>
05/11/2012<14;22;13;25;23;07;01;15;09;11;17;08;06;10;19>
07/11/2012<16;05;20;19;03;23;24;06;14;18;13;12;21;15;17>
09/11/2012<04;01;10;17;05;16;12;02;09;22;07;14;21;24;13>
12/11/2012<19;09;15;08;23;17;25;14;06;07;20;12;24;22;01>
14/11/2012<08;22;05;14;16;09;23;11;07;02;13;25;24;18;17>
16/11/2012<10;11;01;19;14;23;21;09;06;16;04;12;24;17;13>
19/11/2012<18;02;01;14;22;11;17;05;09;10;03;12;20;21;16>
21/11/2012<19;15;06;12;24;10;02;16;08;22;07;25;11;05;23>
23/11/2012<11;16;12;02;05;17;06;25;22;19;10;07;20;18;13>
26/11/2012<10;14;23;19;22;04;02;18;07;21;09;16;08;11;20>
28/11/2012<02;15;19;18;14;25;08;04;17;06;12;21;16;01;24>
30/11/2012<09;18;12;15;04;10;14;21;20;16;25;08;07;22;02>
03/12/2012<16;10;15;22;13;12;07;03;11;08;01;18;24;14;20>
05/12/2012<09;15;18;10;23;20;14;21;16;04;02;24;05;11;07>
07/12/2012<21;19;06;03;22;07;16;17;25;24;13;02;08;14;04>
10/12/2012<13;21;20;04;19;06;18;17;25;09;11;22;02;23;12>
12/12/2012<21;24;13;05;10;14;03;12;17;20;06;16;01;08;15>
14/12/2012<10;03;15;13;20;19;05;18;14;04;07;22;11;21;24>
17/12/2012<16;20;07;24;15;22;19;21;12;13;03;04;17;11;08>
19/12/2012<25;24;08;17;22;12;19;01;03;15;10;16;05;09;07>
21/12/2012<12;07;02;04;25;23;21;18;11;22;19;16;14;24;06>
24/12/2012<09;10;24;20;15;23;14;01;21;11;06;04;19;13;25>
26/12/2012<17;11;21;07;09;18;14;13;20;01;06;25;10;03;05>
28/12/2012<02;25;24;09;23;18;21;05;19;16;03;13;14;08;17>
31/12/2012<14;04;25;05;17;12;23;10;20;15;24;16;01;18;13>
02/01/2013<23;20;02;14;18;13;03;07;24;10;19;21;08;05;22>
04/01/2013<20;04;01;05;10;22;17;18;24;06;14;15;13;07;19>
07/01/2013<25;04;21;05;23;01;11;20;02;12;16;18;24;03;08>
09/01/2013<21;06;19;12;20;23;18;02;11;05;03;17;09;08;22>
11/01/2013<14;10;18;17;15;01;13;08;21;05;03;02;09;22;20>
14/01/2013<08;01;09;14;18;17;23;03;13;04;10;11;25;24;15>
16/01/2013<13;22;03;07;09;12;20;02;25;08;23;19;15;11;16>
18/01/2013<13;15;18;20;08;03;14;11;21;01;04;16;06;24;19>
21/01/2013<04;22;23;20;05;03;09;11;12;25;06;19;01;17;08>
23/01/2013<04;02;10;05;19;13;18;17;14;09;06;11;20;01;03>
25/01/2013<19;25;07;16;14;03;06;15;04;24;10;13;22;05;09>
28/01/2013<19;02;04;17;11;23;06;14;01;10;15;07;22;03;09>
30/01/2013<20;03;14;19;23;01;04;13;17;15;18;02;10;24;05>
01/02/2013<01;19;03;18;24;04;23;16;15;22;08;17;07;13;25>
04/02/2013<15;03;18;17;23;13;10;19;08;16;22;12;06;24;21>
06/02/2013<10;22;01;13;05;19;21;07;25;04;06;03;23;20;18>
08/02/2013<24;14;05;10;23;20;09;13;02;11;18;07;01;03;08>
13/02/2013<07;06;08;03;13;21;14;10;25;02;15;22;12;05;04>
15/02/2013<08;03;21;12;16;10;19;09;14;01;22;24;02;17;13>
18/02/2013<09;25;22;01;24;12;14;10;20;03;11;23;06;18;21>
20/02/2013<07;13;18;12;14;17;01;08;23;10;05;06;04;16;02>
22/02/2013<04;23;09;13;17;06;08;24;14;10;22;19;02;15;12>
25/02/2013<07;02;05;22;12;01;23;18;04;17;06;13;10;14;09>
27/02/2013<07;06;11;09;15;14;17;25;13;12;08;18;03;02;22>
01/03/2013<16;23;08;01;07;20;04;10;05;21;19;02;25;09;06>
04/03/2013<04;09;21;24;12;15;13;22;06;23;25;10;02;08;18>
06/03/2013<06;14;09;21;20;16;18;13;07;05;24;25;03;12;23>
08/03/2013<23;10;16;11;19;03;15;14;25;18;21;07;08;09;13>
11/03/2013<22;19;07;25;06;02;23;03;13;10;14;01;05;16;12>
13/03/2013<09;02;25;13;04;18;22;03;15;12;16;24;07;10;21>
15/03/2013<08;14;02;05;19;22;25;06;18;10;21;24;07;16;23>
18/03/2013<21;04;08;01;07;03;20;23;16;19;06;15;05;22;09>
20/03/2013<10;02;12;19;07;17;22;25;14;13;18;24;11;08;01>
22/03/2013<22;21;06;12;08;18;03;17;25;19;10;05;07;16;09>
25/03/2013<17;10;12;21;25;19;09;08;13;04;15;07;18;20;01>
27/03/2013<07;19;23;17;08;16;02;18;09;11;22;24;12;05;15>
30/03/2013<15;21;12;13;01;08;23;16;20;04;03;10;11;17;07>
01/04/2013<15;10;08;06;01;21;25;19;11;12;24;18;17;23;20>
03/04/2013<13;20;12;22;06;11;01;18;17;19;14;24;16;03;21>
05/04/2013<05;07;19;02;06;25;12;09;04;21;13;22;16;11;18>
08/04/2013<03;07;01;11;23;06;17;19;24;04;02;18;08;05;16>
10/04/2013<05;24;17;23;08;16;19;15;07;25;14;12;06;01;21>
12/04/2013<06;24;13;03;14;02;19;10;16;20;17;21;22;01;05>
15/04/2013<08;23;22;06;03;02;05;24;16;09;11;04;01;15;20>
17/04/2013<21;02;18;15;22;06;09;13;12;19;24;25;14;05;01>
19/04/2013<25;13;18;17;21;02;05;16;08;12;06;11;03;19;04>
22/04/2013<08;13;15;01;02;07;12;20;18;04;17;19;03;06;23>
24/04/2013<23;21;09;16;01;11;08;13;10;02;17;14;07;05;18>
26/04/2013<14;01;24;20;10;11;04;18;12;08;09;21;06;13;25>
29/04/2013<21;09;20;25;04;10;23;07;15;16;01;14;17;18;12>
03/05/2013<02;11;07;20;06;25;15;01;13;08;22;10;24;18;12>
06/05/2013<22;01;07;06;24;10;16;23;04;13;18;12;14;25;02>
08/05/2013<24;02;11;04;08;17;05;25;09;01;06;03;20;21;23>
10/05/2013<06;20;05;16;08;18;10;02;15;11;13;03;04;01;22>
13/05/2013<10;17;16;18;20;22;13;24;07;19;06;09;01;12;05>
15/05/2013<06;14;20;16;04;11;12;21;01;22;08;23;17;10;13>
17/05/2013<05;03;07;10;08;12;22;06;24;01;17;21;18;02;09>
20/05/2013<14;04;08;23;05;03;21;13;02;07;20;16;15;22;10>
22/05/2013<01;15;04;10;12;23;17;13;25;02;18;06;24;09;07>
24/05/2013<01;08;06;18;03;12;20;13;21;11;07;10;02;22;05>
27/05/2013<05;11;17;08;06;24;25;20;16;18;03;19;04;13;09>
29/05/2013<24;02;17;05;11;21;06;22;25;15;23;03;08;01;13>
31/05/2013<17;14;20;23;15;22;16;04;18;07;21;02;10;03;19>
03/06/2013<25;22;20;10;19;24;13;05;18;12;06;17;04;15;03>
05/06/2013<05;04;22;12;24;03;01;11;23;18;17;15;06;10;20>
07/06/2013<11;20;24;02;10;04;13;05;23;25;08;22;18;01;06>
10/06/2013<06;24;17;05;19;04;13;18;03;23;07;01;02;14;11>
12/06/2013<03;21;01;05;04;14;11;20;19;06;13;22;24;02;17>
14/06/2013<01;23;08;09;04;22;21;03;02;13;06;16;17;14;15>
17/06/2013<05;13;04;21;14;11;03;01;22;07;17;09;19;02;10>
19/06/2013<19;02;05;04;01;03;23;10;06;16;20;15;13;12;22>
21/06/2013<18;04;03;16;17;15;02;25;24;21;09;07;12;01;19>
24/06/2013<23;02;17;21;08;12;04;09;05;20;06;22;16;24;15>
26/06/2013<14;15;01;07;04;19;22;12;05;06;10;20;24;25;03>
28/06/2013<16;08;17;02;20;07;06;12;18;01;10;19;14;24;09>
01/07/2013<12;03;16;23;07;25;22;01;04;06;24;14;13;09;15>
03/07/2013<14;01;11;19;15;05;13;24;09;12;07;06;10;08;21>
05/07/2013<23;22;02;05;09;06;03;14;13;21;16;17;11;20;25>
08/07/2013<11;14;01;09;19;04;12;24;06;08;10;25;17;15;23>
10/07/2013<23;02;18;25;14;01;21;11;09;08;20;07;04;05;10>
12/07/2013<09;20;24;02;11;14;15;16;05;25;06;12;22;23;03>
15/07/2013<20;19;16;05;08;03;25;14;12;10;22;11;02;06;24>
17/07/2013<16;18;04;08;12;13;20;14;01;25;21;05;23;15;22>
19/07/2013<14;17;19;15;07;05;11;24;23;02;16;04;10;06;03>
22/07/2013<22;24;21;08;20;03;23;04;14;25;11;09;02;10;19>
24/07/2013<07;22;19;18;03;04;01;02;10;14;23;05;06;12;09>
26/07/2013<07;04;01;08;18;25;02;15;03;13;06;17;20;19;23>
29/07/2013<23;02;20;14;25;19;06;09;01;11;13;24;10;16;12>
31/07/2013<19;06;07;17;20;15;11;25;13;16;18;03;04;10;02>
02/08/2013<11;21;25;01;07;05;20;09;10;18;16;06;04;19;15>
05/08/2013<25;14;18;24;04;17;03;02;09;20;19;16;13;07;06>
07/08/2013<11;25;16;03;15;18;04;05;02;09;10;07;01;08;23>
09/08/2013<13;18;05;01;21;06;04;24;11;22;12;03;07;19;20>
12/08/2013<05;18;14;13;12;10;23;03;06;09;15;21;17;04;22>
14/08/2013<16;09;21;08;10;12;11;24;19;01;14;13;25;17;18>
16/08/2013<13;04;21;02;09;20;03;19;24;06;18;23;11;25;05>
19/08/2013<01;22;10;24;14;20;21;16;07;19;25;18;09;08;17>
21/08/2013<03;09;07;16;22;18;10;01;11;12;05;24;15;02;20>
23/08/2013<18;02;05;16;21;06;11;09;13;01;19;24;22;08;17>
26/08/2013<10;17;11;23;08;15;12;06;13;09;14;07;01;21;16>
28/08/2013<25;12;20;05;21;17;09;08;04;14;13;02;18;07;19>
30/08/2013<21;07;25;19;10;17;14;09;15;03;22;08;13;20;23>
07/09/2013<12;03;18;17;06;04;08;11;14;23;19;21;25;22;01>
09/09/2013<01;09;13;12;21;16;10;07;24;15;14;18;05;02;06>
11/09/2013<11;14;25;23;06;20;13;08;24;03;16;18;12;10;05>
13/09/2013<04;05;16;07;24;11;01;12;21;14;02;09;13;18;10>
16/09/2013<05;06;16;13;02;12;17;22;08;04;21;11;18;03;19>
18/09/2013<24;15;22;05;08;06;01;23;16;25;13;21;04;07;03>
20/09/2013<19;14;24;04;06;20;05;01;09;17;21;16;12;13;22>
23/09/2013<09;19;25;05;12;24;16;20;11;02;22;21;14;23;06>
25/09/2013<16;14;01;06;07;02;24;17;10;04;20;21;12;18;03>
27/09/2013<01;04;18;20;07;12;22;02;11;15;25;21;05;09;03>
30/09/2013<15;01;06;25;14;13;23;21;22;04;17;20;08;09;11>
02/10/2013<11;23;15;14;07;03;19;18;09;16;17;06;04;10;24>
04/10/2013<02;23;04;09;15;01;20;03;10;19;11;07;18;17;21>
07/10/2013<13;18;14;24;19;15;10;22;21;08;16;03;04;11;09>
09/10/2013<04;11;06;21;07;05;12;03;10;17;02;08;25;19;22>
11/10/2013<17;04;25;16;22;11;23;21;02;10;20;08;06;09;03>
14/10/2013<11;07;09;20;19;05;03;04;02;18;14;16;21;13;25>
16/10/2013<16;17;20;18;05;01;04;12;24;03;10;22;19;11;09>
18/10/2013<15;18;06;09;01;17;08;12;19;20;03;21;10;23;24>
21/10/2013<22;24;04;09;07;10;05;20;11;06;18;21;03;23;25>
23/10/2013<22;01;13;15;08;23;25;20;21;11;03;06;16;14;24>
25/10/2013<22;14;06;03;01;24;05;11;08;25;02;20;15;21;18>
28/10/2013<01;21;12;22;06;04;14;10;09;07;19;08;17;15;24>
30/10/2013<11;12;06;10;16;19;02;20;04;01;17;24;14;13;07>
01/11/2013<19;13;25;14;06;02;10;01;23;21;24;07;03;11;04>
04/11/2013<22;01;02;14;11;17;10;07;23;18;13;20;24;08;06>
06/11/2013<13;18;04;11;15;03;16;07;14;05;09;25;12;08;06>
08/11/2013<06;16;09;19;25;23;22;02;21;24;05;10;07;08;14>
11/11/2013<12;22;09;24;20;11;07;10;21;02;06;08;17;13;01>
13/11/2013<22;24;16;06;09;02;04;18;19;01;25;08;03;12;21>
16/11/2013<14;05;23;03;04;21;09;07;01;13;17;18;06;24;20>
18/11/2013<14;08;15;02;10;07;04;18;19;25;05;21;16;11;06>
20/11/2013<25;15;13;04;02;09;24;12;23;10;22;08;11;20;21>
22/11/2013<03;21;09;13;24;06;04;17;12;07;22;14;18;23;25>
25/11/2013<02;14;07;13;01;11;22;21;23;20;15;05;16;24;18>
27/11/2013<22;15;02;20;04;12;09;19;07;13;06;05;18;11;23>
29/11/2013<15;03;20;09;13;07;17;11;01;24;25;05;12;16;19>
02/12/2013<13;15;04;22;10;09;08;19;14;03;24;17;18;06;23>
04/12/2013<07;08;13;19;20;06;24;22;10;11;12;16;15;05;01>
06/12/2013<14;07;09;02;06;22;21;24;17;01;15;12;25;05;18>
09/12/2013<05;17;08;24;20;15;11;13;09;03;19;01;07;04;10>
11/12/2013<07;05;12;17;20;04;02;25;24;09;14;21;10;23;22>
13/12/2013<25;23;12;18;08;15;05;11;16;09;03;22;13;07;14>
16/12/2013<14;02;23;09;20;12;13;08;07;03;22;17;04;24;01>
18/12/2013<20;18;21;09;24;02;17;04;16;06;03;13;25;07;23>
20/12/2013<02;24;22;04;18;07;15;10;19;05;12;23;16;17;09>
23/12/2013<19;01;05;03;22;02;14;12;09;20;11;17;21;23;04>
27/12/2013<06;02;14;16;24;15;18;10;01;13;21;08;12;05;07>
30/12/2013<13;16;11;14;04;18;22;03;08;17;20;12;15;19;02>
03/01/2014<23;08;06;17;14;25;21;13;12;10;19;11;05;20;07>
06/01/2014<22;18;17;08;12;04;24;21;15;20;14;03;13;16;10>
09/01/2014<01;12;25;03;21;16;10;20;14;17;19;08;02;23;06>
10/01/2014<12;21;10;03;06;22;15;18;25;19;14;20;02;01;24>
13/01/2014<21;09;18;20;10;01;14;22;12;19;24;15;16;05;07>
15/01/2014<04;07;06;05;15;22;13;03;16;23;01;24;20;14;09>
17/01/2014<24;06;02;20;11;25;09;03;12;07;22;01;23;10;18>
20/01/2014<19;12;13;07;06;18;03;16;10;08;22;17;09;01;21>
22/01/2014<09;06;04;12;18;11;24;02;10;20;17;14;22;19;15>
24/01/2014<11;04;21;08;14;10;01;02;15;19;13;23;06;16;22>
27/01/2014<04;19;09;25;18;10;17;07;23;03;24;15;01;13;05>
29/01/2014<16;17;01;25;07;15;12;24;18;09;11;21;14;02;22>
31/01/2014<07;18;01;04;20;17;03;19;11;21;13;23;10;02;05>
03/02/2014<13;24;14;10;25;09;02;08;01;18;12;23;17;22;20>
05/02/2014<03;23;18;13;17;21;01;07;02;05;15;08;20;16;06>
07/02/2014<15;03;19;20;25;02;21;23;01;12;06;14;05;11;16>
10/02/2014<21;04;16;10;09;03;02;19;08;11;12;17;23;01;15>
12/02/2014<11;17;02;19;18;07;05;10;08;16;14;22;12;24;04>
14/02/2014<22;03;18;08;12;20;07;05;21;02;04;17;23;01;10>
17/02/2014<07;12;20;21;18;09;05;02;15;24;03;19;11;16;13>
19/02/2014<01;21;20;13;09;06;14;22;15;18;05;16;10;19;23>
21/02/2014<25;09;10;21;03;22;18;05;16;07;08;04;24;01;14>
24/02/2014<21;18;09;11;16;14;08;23;06;22;03;07;13;02;01>
26/02/2014<07;02;23;04;14;13;20;17;10;09;12;22;11;21;01>
28/02/2014<16;11;09;22;01;13;19;14;25;07;18;17;02;15;23>
05/03/2014<01;06;07;12;19;11;20;16;24;18;14;23;05;15;21>
07/03/2014<10;14;19;01;16;09;25;15;06;05;12;03;08;21;23>
10/03/2014<04;25;05;11;24;17;20;07;10;19;06;09;08;23;16>
12/03/2014<02;06;22;13;24;19;14;25;01;18;11;23;17;03;08>
14/03/2014<19;08;15;16;02;23;11;04;20;03;01;17;09;18;10>
17/03/2014<12;04;09;24;11;14;17;02;22;05;19;15;01;06;20>
19/03/2014<23;04;02;06;03;10;20;11;08;17;16;13;18;14;01>
21/03/2014<13;04;18;17;07;14;12;23;16;06;21;24;22;08;03>
24/03/2014<08;02;23;03;13;17;12;06;21;10;20;18;14;19;04>
26/03/2014<15;13;21;19;25;20;07;06;12;14;09;18;23;04;22>
28/03/2014<14;12;07;22;18;21;04;09;11;05;19;24;10;17;20>
31/03/2014<11;20;09;25;17;18;01;12;24;05;15;21;06;10;23>
02/04/2014<08;10;24;19;06;07;20;18;16;09;17;02;13;21;25>
04/04/2014<21;01;15;18;09;02;19;14;22;20;03;12;24;08;13>
07/04/2014<10;12;04;23;25;09;02;01;06;16;20;22;13;21;08>
09/04/2014<25;20;12;21;19;15;24;05;10;23;03;07;13;01;17>
11/04/2014<07;01;15;10;21;14;16;24;06;11;22;09;03;08;19>
14/04/2014<06;25;07;17;14;12;18;11;01;02;09;19;08;24;10>
16/04/2014<17;10;20;24;11;06;12;23;05;02;08;15;04;07;25>
19/04/2014<24;23;20;06;09;17;03;25;16;02;11;05;22;21;15>
23/04/2014<13;14;21;03;07;12;18;04;11;25;20;05;22;08;23>
25/04/2014<15;21;20;11;17;24;08;22;12;07;09;10;16;04;25>
28/04/2014<15;16;01;20;09;17;10;02;21;25;18;07;03;06;05>
30/04/2014<18;17;20;09;12;22;25;21;04;23;14;02;05;19;16>
02/05/2014<24;01;07;15;21;22;25;17;19;04;06;13;10;12;16>
05/05/2014<03;08;04;07;14;13;16;23;20;10;25;02;18;21;11>
07/05/2014<18;08;03;01;05;11;24;21;10;23;06;16;20;17;04>
09/05/2014<14;12;24;17;22;13;02;06;04;01;03;15;18;11;23>
12/05/2014<20;15;09;05;03;24;17;12;06;16;04;02;25;18;13>
14/05/2014<12;07;01;24;10;02;08;09;25;22;14;18;13;03;23>
16/05/2014<22;15;18;04;06;21;10;23;09;14;02;08;05;11;19>
19/05/2014<19;25;13;07;20;11;09;06;23;04;21;16;14;01;08>
21/05/2014<22;09;24;17;06;12;25;18;13;04;21;20;07;05;16>
23/05/2014<21;24;08;19;03;20;07;15;16;11;02;01;22;05;14>
26/05/2014<17;07;20;13;04;14;16;08;02;15;01;05;22;23;21>
28/05/2014<24;12;15;02;14;23;16;21;05;22;03;07;19;09;08>
30/05/2014<08;07;13;04;09;16;23;17;03;19;15;11;05;25;20>
02/06/2014<14;24;06;10;16;25;15;07;13;02;22;05;21;12;20>
04/06/2014<15;25;09;07;11;10;14;02;24;08;16;18;19;21;03>
06/06/2014<12;20;14;21;05;15;04;02;19;24;06;25;17;22;03>
09/06/2014<10;24;06;16;21;05;04;22;14;11;17;19;02;18;23>
11/06/2014<21;15;01;03;05;14;02;11;17;04;10;25;07;13;22>
13/06/2014<24;20;18;10;14;17;11;13;21;15;16;06;02;22;07>
16/06/2014<22;23;17;15;01;11;16;04;08;12;03;10;13;25;24>
18/06/2014<09;22;18;23;04;20;25;11;13;19;12;10;21;16;24>
20/06/2014<11;06;14;16;03;02;13;17;21;04;22;24;05;10;12>
23/06/2014<02;04;07;22;23;25;14;17;20;03;13;01;05;15;09>
25/06/2014<13;20;17;16;23;05;03;06;01;19;22;04;07;24;21>
27/06/2014<09;10;08;25;13;11;17;22;23;24;21;01;04;07;20>
30/06/2014<21;15;16;24;06;17;01;18;22;12;02;23;25;09;10>
02/07/2014<18;15;12;11;20;13;17;09;16;25;04;14;21;10;22>
04/07/2014<20;19;12;13;02;05;08;24;07;15;06;21;14;10;01>
07/07/2014<23;13;06;24;11;25;02;10;21;07;18;17;05;04;09>
09/07/2014<15;24;06;11;22;05;13;20;16;19;08;17;07;21;14>
11/07/2014<05;14;03;17;12;21;02;16;10;06;23;22;15;25;11>
14/07/2014<21;10;05;16;13;12;14;01;15;22;18;19;06;07;23>
16/07/2014<24;10;09;19;11;07;23;16;03;18;17;21;13;22;15>
18/07/2014<01;18;20;11;16;24;17;04;06;23;02;13;03;22;21>
21/07/2014<07;04;24;25;17;18;01;06;21;13;09;05;03;02;10>
23/07/2014<25;19;21;07;09;14;06;10;18;23;08;03;24;16;22>
25/07/2014<19;07;24;21;12;15;05;17;02;13;18;04;10;22;23>
28/07/2014<06;17;19;02;24;18;16;20;12;03;23;04;09;13;21>
30/07/2014<06;19;12;22;07;03;01;02;18;10;05;13;09;20;23>
01/08/2014<15;08;04;16;24;03;23;06;02;13;22;14;12;21;19>
04/08/2014<11;22;15;09;05;21;14;20;24;18;13;03;10;08;17>
06/08/2014<05;07;06;25;16;04;23;24;13;20;14;10;09;02;12>
08/08/2014<25;04;24;05;20;09;14;22;08;11;13;12;15;18;19>
11/08/2014<01;10;05;11;06;18;04;09;25;22;23;24;21;02;13>
13/08/2014<22;05;16;10;03;02;09;08;14;01;04;06;12;19;25>
15/08/2014<16;02;24;09;15;21;22;05;18;25;06;17;03;23;07>
18/08/2014<25;12;08;04;22;20;13;23;02;07;10;14;21;15;01>
20/08/2014<10;04;16;09;24;12;15;23;18;25;20;19;14;05;06>
22/08/2014<11;14;12;07;25;24;23;16;03;10;15;04;18;08;05>
25/08/2014<08;22;14;07;11;16;06;03;24;25;23;21;02;12;13>
27/08/2014<24;16;07;11;14;18;06;10;23;20;05;19;09;15;12>
29/08/2014<01;10;03;25;24;23;11;18;17;19;06;02;09;15;13>
07/09/2014<03;20;18;06;08;02;19;15;23;24;21;14;22;12;05>
08/09/2014<10;07;12;14;18;04;25;05;16;02;21;09;20;11;22>
10/09/2014<15;09;14;02;21;06;19;18;11;08;23;22;13;16;05>
12/09/2014<11;09;13;25;24;17;18;15;01;06;04;20;23;07;02>
15/09/2014<11;10;15;24;19;03;12;14;23;02;13;16;04;21;09>
17/09/2014<01;19;16;10;04;18;20;11;24;12;08;21;14;09;02>
19/09/2014<12;17;25;22;21;08;14;02;01;05;07;13;24;09;04>
22/09/2014<04;09;08;01;06;11;17;20;07;18;19;21;25;05;10>
24/09/2014<25;01;15;10;09;02;03;04;06;20;24;22;19;17;18>
26/09/2014<15;09;02;13;23;14;22;06;25;03;24;16;11;12;04>
29/09/2014<17;16;20;07;02;22;15;08;12;01;24;06;03;18;13>
01/10/2014<07;22;24;01;15;20;19;17;09;25;14;12;06;13;03>
03/10/2014<20;05;08;18;12;06;22;04;11;10;19;01;15;02;03>
06/10/2014<08;23;03;22;17;11;20;18;07;24;09;10;02;12;25>
08/10/2014<01;06;09;05;25;22;12;21;02;04;15;18;03;17;24>
10/10/2014<08;19;11;16;12;13;15;21;01;03;05;23;07;14;02>
13/10/2014<24;11;05;14;01;13;08;15;25;10;02;21;23;06;20>
15/10/2014<18;05;15;12;03;17;07;10;01;20;14;06;23;02;08>
17/10/2014<05;09;10;13;08;24;19;04;02;18;17;14;16;12;06>
20/10/2014<01;17;22;23;04;09;08;25;20;06;02;12;05;18;11>
22/10/2014<16;03;21;07;11;12;13;02;19;24;10;25;14;20;23>
24/10/2014<13;06;04;08;11;24;22;10;16;15;19;23;07;02;17>
27/10/2014<06;22;13;12;24;03;15;01;05;19;04;25;21;10;08>
29/10/2014<22;04;12;03;13;18;01;25;16;11;06;17;21;15;09>
31/10/2014<16;13;25;07;03;12;22;24;17;19;08;05;18;23;06>
03/11/2014<22;03;06;13;15;16;09;24;17;01;14;08;11;23;04>
05/11/2014<03;07;10;01;11;02;24;16;14;04;25;06;17;20;12>
07/11/2014<21;03;22;18;17;05;13;19;07;02;08;04;16;23;12>
10/11/2014<02;05;01;12;08;22;15;13;25;14;20;17;10;11;24>
12/11/2014<02;03;25;06;14;15;04;21;20;12;24;22;17;16;19>
14/11/2014<17;22;01;23;12;07;09;08;14;11;21;06;02;13;24>
17/11/2014<06;08;16;04;13;18;12;09;02;24;10;14;25;07;05>
19/11/2014<10;02;17;13;14;23;11;04;20;01;25;18;08;12;15>
21/11/2014<16;09;04;18;15;17;03;10;08;05;23;24;12;25;19>
24/11/2014<06;22;10;01;19;11;24;07;09;17;05;15;02;18;21>
26/11/2014<23;21;15;08;09;02;05;19;11;04;20;12;07;10;25>
28/11/2014<13;01;21;07;20;22;11;06;05;03;16;02;18;15;10>
01/12/2014<18;22;17;16;02;01;19;15;11;06;03;25;14;21;13>
03/12/2014<24;21;03;20;15;04;10;19;07;08;23;05;06;18;25>
05/12/2014<18;09;17;11;05;16;10;24;22;06;12;25;13;15;23>
08/12/2014<24;22;10;20;09;23;16;15;12;07;08;13;19;04;02>
10/12/2014<01;03;04;10;11;18;12;23;13;14;17;06;16;24;25>
12/12/2014<04;24;25;07;06;18;02;08;23;17;10;19;03;14;13>
15/12/2014<13;17;14;15;06;05;09;11;03;23;08;16;18;04;24>
17/12/2014<24;17;02;07;13;21;04;03;11;22;25;15;19;05;18>
19/12/2014<12;14;22;11;01;20;18;08;06;15;19;09;16;07;25>
22/12/2014<05;17;03;24;06;14;19;01;13;16;10;04;18;09;20>
24/12/2014<21;19;08;02;01;23;18;06;12;07;15;22;10;03;17>
26/12/2014<12;11;20;13;09;18;07;17;23;22;05;08;24;15;14>
29/12/2014<11;03;24;07;15;21;12;25;09;22;16;01;14;10;20>
31/12/2014<10;19;03;18;04;20;22;08;09;16;07;05;25;12;21>
02/01/2015<03;09;18;06;25;12;02;01;05;24;19;20;13;15;08>
05/01/2015<03;15;04;25;17;01;11;21;13;16;10;05;24;19;23>
07/01/2015<22;24;13;12;04;19;18;08;09;03;16;02;25;15;01>
09/01/2015<03;01;22;15;13;25;21;12;11;24;17;04;14;06;07>
12/01/2015<02;06;11;08;16;05;18;22;04;21;07;24;13;15;12>
14/01/2015<03;02;13;15;19;25;16;10;22;20;07;05;17;24;14>
16/01/2015<15;08;04;24;16;02;22;01;14;06;17;23;09;25;03>
19/01/2015<07;17;06;04;22;18;10;16;11;05;25;15;08;02;21>
21/01/2015<02;01;25;22;11;05;19;17;04;18;06;15;08;24;10>
23/01/2015<19;21;03;13;25;11;15;20;01;18;23;09;07;04;24>
26/01/2015<24;11;07;13;21;14;12;16;06;09;17;23;19;02;20>
28/01/2015<04;05;15;20;08;17;10;03;23;21;11;24;13;22;25>
30/01/2015<18;09;12;21;22;25;03;08;10;19;02;05;15;17;01>
02/02/2015<19;02;17;14;10;20;21;06;15;12;05;18;24;09;04>
04/02/2015<23;07;05;02;16;18;04;12;11;15;09;14;08;21;01>
06/02/2015<16;25;24;04;08;11;19;13;23;01;05;09;07;10;03>
09/02/2015<22;21;04;15;08;18;09;17;25;12;16;03;24;02;07>
11/02/2015<10;01;18;04;08;15;13;22;20;02;21;07;16;25;19>
13/02/2015<17;14;21;08;12;16;18;23;01;13;22;20;11;07;15>
18/02/2015<24;11;08;20;10;12;25;09;13;23;19;16;06;14;02>
20/02/2015<21;16;11;09;04;08;22;20;01;02;18;05;19;14;07>
23/02/2015<05;15;03;11;06;10;01;13;02;23;18;19;09;08;17>
25/02/2015<08;19;24;15;12;23;21;01;03;25;10;04;14;20;13>
27/02/2015<05;07;16;19;25;15;12;23;02;20;13;11;03;10;18>
02/03/2015<09;17;02;10;16;03;11;25;22;12;23;20;08;06;05>
04/03/2015<20;04;16;19;01;17;11;07;09;18;24;08;23;12;21>
06/03/2015<09;07;15;05;19;08;20;21;06;01;02;25;03;13;18>
09/03/2015<09;10;22;11;07;23;02;13;19;06;20;01;14;15;08>
11/03/2015<23;21;24;09;11;14;20;05;04;08;03;13;07;22;06>
13/03/2015<21;08;16;06;18;10;20;13;22;07;12;24;25;03;19>
16/03/2015<16;22;04;20;01;11;14;25;15;13;19;03;18;24;09>
18/03/2015<06;21;19;25;16;18;04;02;11;14;20;17;12;07;10>
20/03/2015<25;13;03;24;21;05;09;14;16;06;19;18;22;07;23>
23/03/2015<14;04;05;24;20;22;06;09;15;23;02;16;11;01;18>
25/03/2015<22;23;11;16;21;08;12;02;04;19;10;25;07;14;01>
27/03/2015<02;06;23;05;10;18;24;01;14;08;13;22;20;12;04>
30/03/2015<12;19;05;25;18;13;04;20;09;08;21;17;14;03;15>
01/04/2015<23;09;21;17;10;25;14;02;03;04;15;16;22;11;06>
04/04/2015<18;07;01;24;17;22;10;14;03;02;16;05;25;12;13>
06/04/2015<15;20;05;16;19;09;21;02;06;12;01;03;13;04;11>
08/04/2015<01;09;23;25;18;07;04;15;08;14;10;20;19;22;13>
10/04/2015<23;12;10;02;18;09;08;16;22;19;25;24;15;17;04>
13/04/2015<10;05;12;11;17;01;22;20;15;06;19;14;25;18;09>
15/04/2015<12;04;17;09;20;08;23;16;11;01;06;02;07;19;18>
17/04/2015<17;14;08;13;05;18;04;07;01;24;25;06;20;16;11>
20/04/2015<23;06;03;01;15;11;07;21;10;04;25;17;09;20;22>
22/04/2015<04;25;02;21;06;01;10;24;22;14;15;05;16;03;19>
24/04/2015<16;06;10;14;08;22;07;05;11;12;24;25;04;15;03>
27/04/2015<22;16;19;09;10;25;14;20;11;21;24;18;23;06;05>
29/04/2015<10;04;17;02;03;18;23;16;08;25;24;14;13;20;19>
02/05/2015<02;23;06;01;17;24;12;11;05;25;14;03;13;22;15>
04/05/2015<09;22;15;23;01;05;20;12;02;21;19;08;13;07;16>
06/05/2015<18;11;20;25;03;08;01;17;21;24;22;12;09;14;06>
08/05/2015<11;07;01;21;23;25;15;05;03;24;14;22;18;13;10>
11/05/2015<21;03;13;09;15;12;01;11;19;18;14;24;10;04;07>
13/05/2015<20;14;19;15;25;05;24;22;10;03;01;11;04;18;02>
15/05/2015<09;04;05;19;03;14;15;18;20;07;10;24;08;16;11>
18/05/2015<13;22;25;19;21;11;15;20;01;02;16;08;10;18;04>
20/05/2015<17;02;07;23;03;16;10;11;20;24;12;15;05;01;13>
22/05/2015<09;02;17;01;06;07;18;24;03;20;10;08;05;16;15>
25/05/2015<25;17;10;20;07;05;18;09;14;24;08;03;02;06;23>
27/05/2015<23;19;20;13;04;21;05;02;07;09;18;01;14;03;08>
29/05/2015<14;21;15;18;20;03;09;24;13;22;12;17;07;11;16>
01/06/2015<18;15;02;17;10;24;14;20;01;21;22;12;03;23;07>
03/06/2015<12;10;11;13;17;01;09;19;25;03;08;20;07;06;24>
05/06/2015<11;02;21;05;13;18;03;07;09;14;23;10;20;04;01>
08/06/2015<05;23;06;08;25;22;10;09;02;14;03;16;04;19;20>
10/06/2015<23;03;20;18;07;14;04;06;13;17;25;19;05;02;09>
12/06/2015<10;22;03;24;18;19;15;02;12;06;09;23;14;04;21>
15/06/2015<09;04;13;15;02;20;08;05;22;24;03;11;10;01;17>
17/06/2015<22;18;21;14;20;06;08;17;23;07;10;02;16;09;13>
19/06/2015<19;08;02;12;01;15;18;04;14;05;16;06;17;11;09>
22/06/2015<24;20;02;05;15;07;03;23;17;25;18;14;13;11;21>
24/06/2015<08;23;24;10;07;15;22;14;01;11;19;21;05;17;03>
26/06/2015<25;10;11;21;14;01;19;07;09;13;12;08;02;17;22>
29/06/2015<07;09;04;12;03;10;01;02;17;23;06;22;24;13;20>
01/07/2015<14;17;20;07;03;25;19;05;08;22;02;06;01;24;13>
03/07/2015<19;17;08;11;21;07;12;05;06;18;01;10;13;02;03>
06/07/2015<22;07;12;01;13;25;03;20;05;04;15;08;16;21;18>
08/07/2015<15;25;05;24;13;23;03;10;06;19;09;16;14;21;02>
10/07/2015<16;05;01;09;04;15;18;25;17;23;22;19;14;10;13>
13/07/2015<10;18;01;19;24;02;17;05;25;14;09;16;20;21;08>
15/07/2015<13;12;06;04;10;24;11;02;18;20;17;15;03;01;09>
17/07/2015<02;09;25;23;06;05;01;03;11;17;19;12;10;07;13>
20/07/2015<22;12;24;03;14;25;21;08;06;10;05;09;07;18;13>
22/07/2015<17;14;05;15;18;11;02;09;13;16;03;21;25;08;07>
24/07/2015<14;24;16;12;09;15;10;18;08;11;20;06;22;13;05>
27/07/2015<18;22;13;24;16;01;20;05;06;04;09;19;12;02;03>
29/07/2015<01;10;25;09;15;04;17;08;11;05;12;20;24;22;13>
31/07/2015<24;14;20;01;07;15;16;05;04;25;02;19;23;11;21>
03/08/2015<04;25;17;14;05;01;08;02;16;15;13;12;22;24;06>
05/08/2015<16;19;10;07;17;03;12;13;01;23;11;21;05;09;25>
07/08/2015<21;06;25;16;05;09;18;19;03;11;08;15;17;04;02>
10/08/2015<19;24;08;18;13;10;17;22;07;01;12;16;09;04;25>
12/08/2015<11;24;19;15;25;20;03;09;08;16;07;02;17;18;23>
14/08/2015<22;19;17;24;15;20;01;05;25;13;12;10;16;11;03>
17/08/2015<18;14;05;19;09;25;12;03;13;22;24;04;15;06;20>
19/08/2015<25;24;10;15;05;09;19;03;17;02;07;18;14;20;04>
21/08/2015<25;21;10;06;14;08;16;15;09;17;20;02;23;07;19>
24/08/2015<10;21;12;03;09;24;23;04;01;15;05;11;20;08;06>
26/08/2015<16;20;01;18;15;07;03;23;11;02;06;25;24;05;22>
28/08/2015<17;14;15;22;16;08;09;21;11;23;02;20;12;18;03>
08/09/2015<14;13;02;06;04;25;16;01;09;21;20;07;23;18;10>
09/09/2015<13;11;06;18;19;23;01;15;12;22;08;10;02;14;16>
11/09/2015<01;10;13;19;08;02;22;06;20;14;12;05;11;25;16>
14/09/2015<06;02;10;21;04;20;09;13;12;08;03;05;23;25;14>
16/09/2015<18;20;23;13;02;17;09;05;10;14;08;22;19;16;25>
18/09/2015<06;15;04;24;02;22;07;18;14;11;20;03;01;05;17>
21/09/2015<05;17;12;25;20;04;18;10;21;16;19;15;07;01;22>
23/09/2015<22;04;12;11;23;01;21;06;24;16;13;03;17;20;08>
25/09/2015<09;08;20;22;11;16;12;05;23;13;04;03;25;18;10>
28/09/2015<23;04;11;12;22;25;05;14;08;01;21;17;24;10;18>
30/09/2015<25;13;23;04;16;22;01;11;03;14;19;15;07;02;24>
02/10/2015<20;15;23;08;03;11;06;14;13;02;01;05;24;09;10>
05/10/2015<18;07;05;03;17;12;09;06;15;02;16;22;25;13;11>
07/10/2015<18;01;11;07;21;24;13;15;03;02;08;22;17;12;06>
09/10/2015<11;14;22;07;13;05;17;18;21;23;08;04;16;20;01>
13/10/2015<05;03;23;08;25;02;10;01;13;11;06;04;21;09;20>
14/10/2015<08;25;02;06;14;13;24;04;17;12;01;23;09;11;18>
16/10/2015<21;15;04;14;09;25;20;18;23;10;17;01;24;19;07>
19/10/2015<01;18;22;08;13;03;06;24;05;15;14;11;12;20;19>
21/10/2015<18;25;14;22;01;15;07;20;08;03;13;11;10;12;19>
23/10/2015<14;17;18;07;13;15;20;06;16;23;08;11;10;25;03>
26/10/2015<19;14;21;03;22;16;15;23;18;07;01;05;10;12;24>
28/10/2015<18;22;04;17;25;03;12;13;21;15;09;06;02;01;10>
30/10/2015<21;24;18;19;20;07;22;09;04;16;17;15;10;06;12>
03/11/2015<08;16;21;12;14;18;03;09;11;04;19;01;23;07;13>
04/11/2015<19;25;23;22;14;07;24;03;17;01;11;05;09;15;04>
06/11/2015<23;13;03;24;21;22;05;12;06;15;09;25;19;01;08>
09/11/2015<21;07;12;06;11;19;20;17;05;14;10;09;22;25;23>
11/11/2015<13;17;18;16;08;10;15;09;22;07;12;02;23;06;11>
13/11/2015<13;23;18;16;08;17;11;05;10;07;22;25;20;02;04>
16/11/2015<07;15;18;06;16;01;24;17;10;12;25;20;11;22;02>
18/11/2015<23;12;21;16;11;20;19;10;01;04;03;25;17;07;05>
20/11/2015<22;21;24;04;13;19;11;03;09;25;06;05;17;18;23>
23/11/2015<13;05;20;02;18;24;23;01;09;10;19;25;16;15;17>
25/11/2015<02;07;25;01;22;17;18;24;13;08;05;11;15;16;20>
27/11/2015<25;23;11;16;03;13;06;14;20;04;21;05;22;01;19>
30/11/2015<24;15;19;10;21;18;12;16;06;20;08;11;01;13;07>
02/12/2015<23;24;17;08;02;25;10;22;15;01;03;07;11;19;14>
